p = 2^553+549
A1=[Matrix(GF(p),[
[2, 0, 2, 1, 0, 0, 2, 0, 2, 0],
[2, 2, 0, 1, 1, 0, 0, 2, 1, 0],
[0, 0, 0, 0, 0, 1, 2, 2, 1, 2],
[2, 2, 0, 1, 0, 0, 1, 1, 1, 0],
[0, 0, 0, 1, 0, 1, 2, 2, 2, 1],
[1, 2, 0, 2, 1, 0, 1, 2, 1, 2],
[2, 0, 0, 1, 1, 0, 0, 0, 0, 2],
[0, 0, 2, 0, 0, 0, 2, 2, 2, 0],
[1, 1, 2, 1, 2, 0, 0, 2, 2, 1],
[0, 2, 2, 1, 2, 0, 0, 1, 1, 2]]),
Matrix(GF(p),[ 
[1, 0, 1, 0, 1, 0, 0, 1, 1, 0],
[2, 0, 2, 2, 1, 2, 2, 1, 0, 1],
[1, 0, 2, 0, 1, 1, 2, 1, 0, 2],
[2, 1, 0, 2, 2, 2, 2, 1, 1, 2],
[0, 2, 2, 2, 2, 0, 1, 1, 0, 1],
[2, 2, 1, 1, 1, 0, 0, 0, 2, 0],
[1, 0, 1, 2, 2, 1, 0, 2, 1, 0],
[0, 0, 2, 1, 1, 1, 0, 1, 0, 2],
[0, 0, 1, 1, 0, 0, 2, 1, 2, 2],
[1, 2, 0, 1, 2, 2, 1, 1, 0, 0]]),
Matrix(GF(p),[ 
[2, 1, 2, 1, 2, 2, 1, 0, 0, 2],
[0, 2, 0, 1, 0, 0, 1, 0, 0, 2],
[0, 2, 0, 2, 0, 2, 1, 2, 2, 0],
[1, 1, 0, 1, 1, 1, 1, 0, 0, 2],
[0, 2, 2, 1, 1, 1, 0, 2, 2, 0],
[1, 0, 0, 1, 1, 1, 1, 2, 2, 0],
[0, 1, 2, 2, 0, 1, 0, 1, 2, 2],
[0, 1, 2, 1, 0, 0, 0, 1, 2, 2],
[1, 0, 2, 1, 0, 2, 1, 0, 2, 1],
[0, 1, 0, 0, 2, 1, 0, 1, 2, 0]]),
Matrix(GF(p),[
[0, 1, 2, 2, 0, 1, 2, 1, 1, 2],
[0, 2, 1, 0, 1, 1, 0, 2, 1, 0],
[1, 2, 1, 2, 0, 0, 1, 1, 0, 1],
[1, 0, 0, 0, 2, 1, 0, 0, 2, 0],
[0, 1, 2, 2, 0, 2, 0, 2, 1, 1],
[0, 1, 0, 0, 1, 2, 2, 2, 2, 0],
[0, 0, 0, 1, 0, 1, 2, 0, 1, 1],
[0, 1, 1, 0, 2, 0, 0, 1, 0, 1],
[1, 2, 1, 1, 0, 2, 0, 1, 2, 0],
[0, 1, 1, 1, 0, 2, 0, 1, 0, 1]]),
Matrix(GF(p),[ 
[0, 1, 1, 1, 0, 1, 0, 1, 1, 0],
[2, 2, 1, 1, 2, 0, 2, 0, 0, 2],
[1, 0, 1, 1, 2, 0, 2, 2, 1, 0],
[2, 1, 0, 0, 1, 0, 0, 2, 0, 2],
[2, 0, 2, 2, 1, 2, 2, 0, 0, 2],
[2, 0, 0, 1, 0, 1, 1, 2, 1, 0],
[0, 2, 2, 1, 1, 1, 1, 1, 2, 2],
[0, 2, 2, 1, 1, 0, 1, 0, 0, 2],
[0, 0, 1, 1, 0, 2, 0, 0, 1, 0],
[1, 0, 0, 0, 0, 0, 2, 2, 1, 1]]),
Matrix(GF(p),[ 
[1, 1, 2, 2, 0, 0, 1, 2, 1, 0],
[1, 0, 2, 2, 0, 2, 2, 1, 1, 1],
[0, 2, 1, 1, 2, 2, 2, 2, 2, 2],
[0, 2, 2, 2, 1, 1, 2, 2, 2, 2],
[2, 0, 1, 0, 0, 1, 2, 2, 2, 0],
[1, 2, 0, 1, 2, 2, 0, 2, 0, 2],
[0, 1, 1, 2, 2, 1, 0, 2, 0, 1],
[0, 2, 2, 1, 2, 2, 0, 2, 1, 2],
[2, 2, 1, 0, 0, 1, 2, 0, 0, 2],
[1, 1, 2, 1, 1, 1, 1, 1, 0, 0]]),
Matrix(GF(p),[
[0, 2, 2, 0, 2, 1, 1, 0, 0, 0],
[2, 2, 1, 0, 2, 1, 1, 0, 2, 2],
[1, 0, 2, 0, 2, 2, 1, 2, 1, 1],
[1, 1, 1, 2, 0, 0, 0, 1, 1, 0],
[2, 2, 2, 2, 1, 2, 0, 1, 1, 2],
[2, 2, 2, 2, 2, 0, 1, 1, 0, 2],
[2, 1, 2, 0, 1, 1, 2, 2, 2, 1],
[1, 1, 2, 0, 2, 2, 0, 1, 0, 1],
[0, 1, 1, 0, 0, 2, 1, 0, 1, 1],
[1, 2, 2, 2, 2, 0, 0, 1, 1, 2]]),
Matrix(GF(p),[ 
[0, 1, 1, 1, 2, 0, 0, 2, 1, 0],
[2, 2, 2, 0, 2, 2, 2, 2, 1, 0],
[2, 1, 1, 1, 2, 2, 0, 0, 2, 0],
[1, 0, 2, 1, 1, 1, 2, 0, 2, 2],
[2, 0, 0, 2, 2, 1, 0, 2, 2, 1],
[0, 1, 1, 0, 0, 2, 1, 2, 1, 0],
[2, 1, 1, 0, 0, 0, 0, 2, 2, 1],
[2, 1, 2, 2, 1, 2, 1, 2, 1, 0],
[1, 0, 2, 1, 1, 0, 0, 2, 0, 0],
[0, 2, 1, 1, 1, 0, 2, 2, 0, 0]]),
Matrix(GF(p),[ 
[0, 1, 2, 0, 1, 1, 2, 0, 1, 1],
[2, 1, 2, 1, 1, 0, 1, 1, 0, 2],
[1, 1, 1, 2, 1, 1, 0, 1, 2, 0],
[2, 2, 2, 2, 2, 0, 0, 0, 0, 2],
[1, 0, 2, 0, 0, 1, 2, 2, 2, 1],
[0, 0, 2, 0, 1, 0, 2, 1, 0, 1],
[0, 2, 2, 0, 1, 2, 0, 0, 2, 0],
[2, 0, 2, 2, 2, 2, 1, 1, 2, 2],
[0, 2, 2, 0, 1, 0, 0, 0, 1, 1],
[0, 1, 1, 1, 2, 0, 0, 0, 0, 0]]),
Matrix(GF(p),[
[0, 1, 0, 1, 1, 1, 2, 1, 1, 2],
[2, 0, 0, 2, 2, 0, 2, 2, 0, 1],
[0, 0, 2, 0, 1, 2, 0, 2, 2, 1],
[0, 1, 0, 0, 1, 1, 2, 2, 1, 1],
[2, 0, 2, 1, 0, 1, 2, 0, 2, 0],
[1, 1, 2, 2, 0, 1, 0, 1, 2, 1],
[0, 2, 0, 1, 1, 0, 2, 0, 2, 2],
[0, 1, 0, 0, 0, 2, 0, 1, 2, 1],
[2, 2, 2, 0, 2, 1, 2, 0, 1, 0],
[0, 0, 2, 1, 0, 2, 0, 2, 1, 1]]),
Matrix(GF(p),[ 
[1, 1, 2, 2, 0, 2, 2, 1, 1, 1],
[1, 2, 2, 1, 1, 1, 2, 0, 1, 2],
[0, 0, 0, 1, 0, 1, 0, 0, 0, 0],
[1, 0, 2, 2, 1, 0, 2, 0, 2, 2],
[2, 1, 2, 0, 2, 0, 1, 2, 2, 2],
[2, 2, 0, 0, 2, 0, 0, 1, 0, 1],
[0, 0, 0, 1, 2, 0, 0, 2, 1, 0],
[0, 0, 1, 0, 0, 2, 0, 1, 2, 1],
[1, 1, 0, 0, 1, 0, 1, 1, 1, 1],
[0, 1, 2, 0, 2, 0, 0, 1, 0, 1]]),
Matrix(GF(p),[ 
[2, 1, 2, 2, 0, 0, 1, 0, 0, 2],
[1, 2, 0, 1, 1, 0, 2, 2, 2, 1],
[0, 1, 1, 1, 1, 1, 1, 1, 0, 2],
[1, 2, 1, 1, 0, 0, 1, 1, 0, 2],
[2, 1, 1, 0, 0, 0, 1, 0, 0, 1],
[0, 2, 1, 2, 2, 2, 2, 2, 0, 0],
[2, 2, 2, 1, 0, 0, 1, 1, 1, 2],
[1, 0, 2, 0, 0, 2, 1, 0, 1, 1],
[0, 0, 2, 1, 2, 2, 0, 1, 0, 2],
[2, 2, 1, 2, 2, 0, 2, 2, 1, 2]]),
Matrix(GF(p),[
[0, 2, 1, 1, 0, 0, 2, 1, 0, 1],
[0, 1, 2, 1, 0, 0, 2, 1, 0, 1],
[1, 2, 0, 1, 0, 2, 2, 0, 1, 1],
[2, 2, 0, 0, 1, 0, 1, 0, 2, 1],
[1, 2, 1, 0, 2, 0, 0, 1, 2, 1],
[0, 1, 0, 0, 2, 2, 2, 1, 1, 0],
[1, 0, 2, 1, 1, 0, 1, 2, 0, 2],
[2, 0, 2, 2, 0, 1, 2, 1, 1, 0],
[1, 2, 2, 2, 0, 2, 1, 0, 0, 2],
[2, 0, 1, 0, 2, 1, 1, 1, 2, 1]]),
Matrix(GF(p),[ 
[2, 0, 1, 0, 2, 2, 2, 0, 2, 0],
[2, 1, 2, 1, 2, 1, 0, 2, 2, 2],
[1, 2, 1, 2, 2, 0, 0, 2, 2, 2],
[2, 0, 1, 2, 0, 0, 1, 2, 2, 1],
[0, 0, 0, 0, 1, 1, 0, 1, 2, 1],
[2, 1, 2, 2, 1, 1, 0, 2, 2, 1],
[2, 2, 2, 0, 0, 0, 1, 0, 2, 1],
[2, 0, 0, 2, 0, 0, 0, 2, 0, 0],
[2, 1, 2, 2, 0, 1, 2, 2, 2, 1],
[0, 0, 2, 0, 0, 0, 0, 1, 1, 2]]),
Matrix(GF(p),[ 
[1, 1, 2, 1, 1, 1, 0, 1, 1, 2],
[2, 0, 1, 0, 0, 0, 0, 0, 2, 2],
[1, 0, 1, 1, 2, 2, 0, 2, 0, 2],
[1, 1, 0, 0, 0, 2, 2, 2, 0, 2],
[2, 0, 2, 0, 2, 0, 1, 0, 2, 0],
[1, 1, 1, 1, 1, 1, 0, 2, 1, 1],
[1, 1, 0, 1, 0, 1, 1, 2, 0, 0],
[2, 1, 2, 2, 1, 1, 2, 1, 0, 0],
[0, 2, 2, 0, 2, 1, 0, 0, 2, 2],
[1, 0, 2, 0, 1, 1, 2, 2, 0, 2]]),
Matrix(GF(p),[
[2, 2, 1, 1, 1, 2, 2, 0, 0, 2],
[0, 0, 0, 2, 1, 2, 1, 0, 0, 0],
[2, 1, 2, 1, 2, 0, 2, 2, 1, 0],
[2, 2, 0, 1, 0, 1, 0, 1, 0, 1],
[2, 2, 1, 2, 2, 2, 1, 0, 0, 1],
[1, 2, 2, 2, 0, 1, 0, 2, 0, 2],
[0, 1, 2, 2, 1, 1, 1, 0, 1, 2],
[1, 2, 2, 0, 2, 0, 1, 2, 0, 1],
[1, 1, 1, 1, 2, 1, 2, 1, 1, 0],
[0, 1, 1, 2, 2, 1, 1, 0, 1, 1]]),
Matrix(GF(p),[ 
[0, 1, 1, 0, 0, 0, 0, 1, 1, 0],
[2, 1, 2, 1, 2, 2, 1, 1, 0, 2],
[2, 1, 2, 2, 2, 1, 1, 1, 1, 0],
[0, 2, 1, 1, 2, 0, 1, 0, 1, 0],
[1, 2, 2, 2, 1, 0, 1, 1, 0, 2],
[0, 2, 1, 2, 0, 2, 2, 1, 1, 1],
[1, 1, 1, 0, 2, 1, 2, 0, 2, 2],
[0, 1, 2, 2, 0, 1, 0, 1, 0, 2],
[2, 2, 1, 0, 1, 0, 1, 1, 0, 0],
[0, 0, 1, 0, 1, 1, 1, 2, 1, 1]]),
Matrix(GF(p),[ 
[1, 2, 0, 2, 2, 0, 1, 1, 0, 0],
[1, 2, 0, 2, 1, 1, 0, 1, 2, 1],
[0, 0, 2, 0, 0, 1, 2, 0, 0, 2],
[1, 1, 0, 1, 1, 0, 2, 0, 0, 0],
[1, 0, 2, 0, 2, 1, 1, 0, 0, 2],
[1, 2, 2, 2, 2, 1, 1, 1, 2, 1],
[2, 0, 1, 0, 2, 1, 0, 0, 2, 2],
[0, 2, 2, 1, 1, 0, 1, 0, 1, 1],
[2, 2, 0, 1, 0, 2, 1, 0, 0, 2],
[1, 1, 1, 1, 0, 0, 2, 0, 2, 0]]),
Matrix(GF(p),[
[0, 2, 0, 0, 1, 2, 1, 1, 1, 2],
[0, 0, 2, 1, 2, 2, 1, 1, 1, 1],
[2, 0, 1, 0, 0, 1, 1, 1, 1, 0],
[1, 1, 2, 1, 0, 0, 1, 1, 1, 1],
[0, 2, 2, 2, 0, 2, 1, 2, 1, 0],
[1, 2, 1, 0, 2, 2, 2, 1, 0, 1],
[0, 1, 0, 1, 1, 0, 2, 2, 1, 0],
[1, 2, 2, 0, 0, 2, 1, 2, 1, 2],
[2, 2, 1, 0, 1, 2, 2, 2, 0, 1],
[1, 0, 2, 0, 1, 0, 1, 1, 1, 2]]),
Matrix(GF(p),[ 
[0, 1, 1, 2, 1, 0, 0, 2, 2, 1],
[2, 0, 0, 2, 0, 2, 1, 0, 0, 2],
[1, 2, 2, 2, 1, 1, 2, 2, 2, 1],
[1, 1, 2, 2, 1, 0, 1, 0, 0, 0],
[2, 1, 1, 2, 1, 2, 1, 1, 1, 0],
[2, 0, 0, 1, 0, 0, 1, 2, 1, 1],
[0, 1, 2, 2, 2, 0, 1, 0, 0, 0],
[1, 0, 2, 1, 2, 2, 1, 1, 0, 1],
[2, 1, 1, 1, 2, 1, 0, 2, 2, 1],
[0, 2, 0, 1, 0, 0, 2, 0, 1, 0]]),
Matrix(GF(p),[ 
[0, 1, 2, 2, 2, 1, 0, 2, 2, 0],
[0, 1, 0, 0, 0, 0, 1, 2, 1, 2],
[1, 1, 1, 2, 2, 2, 0, 0, 0, 2],
[0, 2, 2, 0, 2, 0, 0, 1, 2, 1],
[2, 0, 0, 0, 0, 1, 1, 0, 0, 0],
[0, 1, 1, 2, 0, 1, 1, 2, 1, 1],
[2, 0, 2, 0, 2, 1, 2, 2, 2, 1],
[0, 2, 1, 0, 0, 2, 2, 1, 1, 2],
[0, 2, 0, 0, 0, 2, 2, 2, 2, 1],
[1, 2, 1, 0, 2, 2, 1, 0, 1, 2]]),
Matrix(GF(p),[
[2, 1, 0, 0, 0, 2, 1, 2, 1, 1],
[2, 0, 2, 1, 2, 2, 2, 2, 2, 0],
[1, 0, 0, 1, 2, 2, 2, 1, 1, 0],
[1, 0, 1, 0, 2, 2, 1, 0, 2, 1],
[0, 0, 1, 0, 2, 2, 2, 0, 1, 0],
[2, 0, 2, 0, 0, 1, 1, 1, 1, 1],
[2, 0, 1, 0, 0, 1, 1, 1, 1, 0],
[2, 2, 2, 0, 2, 0, 2, 1, 2, 0],
[2, 0, 0, 0, 1, 1, 2, 0, 2, 1],
[0, 1, 1, 0, 1, 0, 2, 1, 1, 2]]),
Matrix(GF(p),[ 
[2, 2, 1, 1, 1, 0, 1, 1, 1, 1],
[1, 0, 0, 0, 0, 1, 2, 0, 0, 1],
[0, 2, 0, 0, 2, 1, 0, 0, 0, 0],
[2, 2, 2, 2, 1, 0, 2, 2, 0, 2],
[2, 2, 2, 0, 1, 0, 1, 0, 0, 1],
[0, 0, 0, 1, 0, 1, 2, 2, 2, 0],
[1, 0, 2, 0, 0, 0, 1, 1, 2, 2],
[1, 2, 2, 1, 0, 1, 1, 1, 0, 0],
[0, 1, 1, 0, 1, 2, 0, 0, 0, 1],
[1, 2, 0, 2, 2, 2, 0, 1, 0, 1]]),
Matrix(GF(p),[ 
[2, 2, 1, 1, 1, 2, 0, 2, 1, 0],
[1, 2, 1, 1, 0, 1, 1, 1, 1, 1],
[1, 0, 2, 2, 0, 1, 2, 1, 1, 0],
[0, 0, 2, 2, 1, 2, 2, 2, 2, 0],
[2, 0, 1, 0, 0, 0, 1, 0, 1, 1],
[2, 1, 1, 1, 0, 1, 1, 0, 2, 1],
[1, 2, 1, 1, 1, 1, 2, 1, 1, 1],
[2, 2, 0, 1, 0, 0, 2, 0, 2, 2],
[1, 0, 2, 0, 0, 1, 2, 0, 1, 2],
[2, 2, 1, 1, 0, 2, 0, 2, 1, 0]]),
Matrix(GF(p),[
[1, 2, 1, 2, 1, 2, 1, 2, 1, 1],
[0, 0, 0, 2, 2, 1, 0, 0, 0, 0],
[2, 2, 2, 2, 2, 0, 2, 1, 1, 2],
[0, 2, 2, 0, 2, 1, 2, 0, 1, 2],
[0, 2, 0, 2, 0, 0, 2, 1, 0, 0],
[1, 0, 0, 2, 1, 0, 0, 0, 1, 2],
[1, 2, 1, 2, 0, 1, 2, 0, 0, 1],
[2, 2, 2, 2, 1, 1, 0, 1, 1, 0],
[2, 0, 1, 1, 2, 1, 1, 2, 1, 1],
[0, 2, 1, 2, 1, 2, 2, 0, 0, 0]]),
Matrix(GF(p),[ 
[0, 2, 1, 1, 0, 2, 2, 0, 0, 1],
[2, 2, 0, 2, 0, 1, 2, 0, 2, 0],
[0, 0, 2, 2, 1, 0, 2, 0, 0, 0],
[1, 1, 2, 1, 1, 0, 2, 0, 0, 2],
[1, 2, 2, 1, 2, 2, 2, 1, 1, 2],
[2, 0, 2, 0, 0, 1, 2, 0, 1, 2],
[0, 1, 2, 2, 1, 2, 2, 1, 1, 2],
[0, 2, 1, 1, 0, 0, 1, 2, 0, 1],
[0, 2, 1, 1, 0, 0, 1, 2, 1, 0],
[2, 1, 0, 0, 2, 1, 0, 1, 1, 1]]),
Matrix(GF(p),[ 
[0, 1, 1, 0, 0, 2, 2, 0, 0, 2],
[1, 0, 1, 1, 2, 2, 2, 1, 1, 1],
[1, 1, 0, 1, 2, 1, 1, 2, 1, 1],
[0, 2, 1, 2, 2, 2, 2, 2, 0, 0],
[2, 1, 2, 0, 1, 2, 0, 2, 1, 1],
[1, 2, 0, 2, 1, 1, 0, 0, 0, 2],
[1, 0, 1, 1, 2, 0, 2, 2, 2, 0],
[0, 1, 2, 0, 2, 2, 2, 0, 2, 2],
[0, 2, 0, 0, 0, 0, 2, 1, 0, 2],
[2, 1, 1, 2, 1, 2, 1, 0, 0, 2]]),
Matrix(GF(p),[
[2, 1, 0, 1, 1, 0, 0, 0, 1, 1],
[0, 0, 0, 2, 1, 0, 0, 0, 1, 0],
[0, 2, 2, 2, 1, 2, 1, 1, 1, 0],
[0, 0, 1, 1, 2, 2, 0, 2, 0, 0],
[1, 1, 1, 1, 0, 1, 1, 1, 0, 2],
[0, 0, 2, 1, 2, 2, 0, 2, 1, 0],
[1, 2, 2, 1, 1, 0, 2, 1, 0, 2],
[1, 1, 1, 1, 0, 2, 2, 0, 1, 0],
[1, 0, 1, 1, 1, 0, 2, 1, 1, 1],
[1, 0, 1, 1, 0, 2, 0, 2, 1, 1]]),
Matrix(GF(p),[ 
[1, 0, 2, 2, 2, 1, 2, 1, 2, 2],
[1, 1, 2, 0, 0, 2, 0, 1, 0, 0],
[0, 1, 0, 2, 0, 2, 2, 1, 1, 1],
[2, 1, 0, 0, 2, 0, 1, 2, 2, 1],
[1, 2, 1, 1, 2, 2, 2, 1, 0, 2],
[2, 1, 1, 1, 2, 1, 2, 1, 0, 1],
[1, 1, 1, 2, 2, 2, 2, 2, 2, 2],
[1, 0, 1, 2, 0, 2, 1, 1, 1, 1],
[0, 2, 1, 0, 1, 1, 0, 2, 1, 1],
[1, 2, 1, 2, 2, 2, 2, 1, 0, 2]]),
Matrix(GF(p),[ 
[2, 2, 0, 1, 0, 2, 0, 0, 0, 1],
[0, 2, 0, 0, 2, 0, 1, 1, 2, 0],
[2, 2, 0, 1, 2, 1, 0, 2, 1, 0],
[1, 2, 1, 1, 1, 0, 0, 2, 1, 1],
[2, 0, 0, 2, 1, 2, 1, 1, 0, 2],
[0, 1, 2, 2, 2, 2, 1, 1, 2, 1],
[1, 2, 1, 1, 1, 0, 1, 2, 0, 2],
[0, 0, 1, 0, 0, 0, 2, 0, 1, 1],
[2, 1, 0, 1, 0, 2, 1, 0, 2, 2],
[0, 0, 0, 1, 1, 2, 0, 0, 1, 0]]),
Matrix(GF(p),[
[2, 0, 2, 0, 0, 0, 0, 2, 2, 2],
[2, 0, 2, 0, 1, 2, 1, 2, 0, 0],
[0, 1, 0, 2, 2, 0, 2, 2, 0, 2],
[0, 2, 1, 1, 1, 2, 0, 0, 0, 1],
[2, 1, 2, 0, 2, 1, 0, 2, 1, 1],
[0, 1, 2, 1, 0, 1, 0, 2, 2, 0],
[1, 0, 1, 1, 0, 1, 0, 1, 0, 1],
[0, 2, 1, 0, 1, 0, 2, 1, 0, 2],
[0, 1, 2, 0, 1, 0, 2, 2, 1, 2],
[2, 2, 1, 0, 0, 2, 1, 1, 2, 0]]),
Matrix(GF(p),[ 
[2, 2, 1, 1, 0, 1, 0, 0, 0, 1],
[0, 0, 1, 1, 0, 0, 0, 0, 2, 1],
[2, 2, 2, 2, 2, 1, 2, 1, 2, 0],
[1, 1, 1, 1, 0, 1, 2, 0, 1, 1],
[0, 0, 2, 2, 1, 1, 2, 0, 1, 2],
[0, 0, 1, 1, 0, 2, 1, 0, 2, 0],
[1, 1, 0, 1, 2, 1, 0, 0, 0, 2],
[2, 0, 1, 0, 2, 1, 2, 2, 1, 1],
[2, 2, 0, 2, 2, 1, 2, 2, 1, 1],
[2, 2, 2, 2, 1, 1, 2, 0, 1, 2]]),
Matrix(GF(p),[ 
[1, 2, 0, 2, 0, 1, 1, 0, 0, 0],
[1, 2, 1, 2, 1, 0, 1, 2, 1, 1],
[2, 2, 0, 2, 1, 2, 1, 0, 0, 2],
[2, 2, 0, 0, 0, 2, 0, 1, 0, 0],
[2, 1, 1, 0, 1, 0, 1, 2, 0, 1],
[0, 1, 2, 2, 2, 1, 0, 2, 2, 1],
[2, 2, 2, 2, 0, 0, 2, 2, 2, 1],
[1, 0, 2, 2, 1, 0, 2, 2, 2, 2],
[0, 1, 1, 1, 2, 2, 1, 2, 1, 0],
[2, 1, 2, 1, 1, 1, 1, 2, 1, 0]]),
Matrix(GF(p),[
[2, 1, 0, 2, 2, 0, 2, 1, 2, 0],
[2, 0, 0, 2, 1, 1, 2, 2, 0, 0],
[2, 0, 1, 0, 2, 2, 1, 1, 0, 1],
[0, 2, 1, 0, 0, 2, 0, 0, 2, 1],
[2, 1, 1, 1, 2, 0, 2, 0, 2, 0],
[1, 2, 1, 1, 0, 2, 1, 2, 1, 1],
[1, 0, 1, 1, 1, 0, 0, 0, 0, 1],
[0, 0, 1, 1, 0, 0, 0, 1, 1, 0],
[1, 0, 2, 2, 1, 2, 1, 1, 2, 2],
[1, 0, 0, 2, 1, 0, 0, 1, 1, 1]]),
Matrix(GF(p),[ 
[0, 1, 2, 1, 2, 2, 2, 1, 1, 2],
[1, 2, 1, 1, 1, 2, 0, 1, 1, 0],
[0, 1, 0, 2, 0, 0, 0, 0, 1, 1],
[2, 2, 2, 0, 0, 2, 1, 0, 2, 0],
[2, 2, 1, 2, 0, 2, 1, 1, 1, 0],
[2, 1, 1, 2, 1, 2, 0, 2, 0, 0],
[2, 2, 1, 1, 2, 2, 2, 1, 0, 0],
[2, 0, 0, 2, 1, 0, 2, 1, 2, 2],
[2, 2, 1, 0, 1, 2, 0, 0, 0, 2],
[1, 0, 2, 1, 0, 1, 0, 0, 0, 2]]),
Matrix(GF(p),[ 
[2, 2, 2, 1, 1, 0, 1, 1, 2, 2],
[2, 0, 0, 2, 1, 1, 2, 1, 1, 2],
[0, 2, 2, 0, 2, 0, 0, 1, 1, 2],
[1, 1, 0, 0, 1, 1, 2, 1, 0, 0],
[0, 2, 0, 0, 1, 0, 0, 2, 2, 2],
[1, 0, 2, 2, 0, 2, 1, 2, 2, 2],
[1, 0, 2, 1, 1, 1, 0, 2, 1, 1],
[0, 1, 1, 0, 2, 0, 0, 1, 2, 0],
[1, 2, 0, 0, 0, 1, 2, 2, 0, 2],
[0, 1, 2, 0, 2, 1, 2, 2, 2, 1]]),
Matrix(GF(p),[
[1, 1, 2, 2, 2, 1, 1, 2, 1, 0],
[0, 0, 1, 2, 2, 2, 1, 0, 1, 2],
[0, 0, 2, 2, 2, 1, 0, 1, 1, 2],
[2, 2, 1, 1, 2, 0, 0, 0, 2, 1],
[1, 2, 2, 2, 2, 2, 2, 0, 0, 1],
[1, 2, 2, 2, 0, 2, 2, 1, 0, 1],
[1, 1, 2, 0, 0, 1, 1, 0, 2, 1],
[0, 0, 2, 0, 1, 2, 0, 0, 2, 0],
[0, 0, 2, 2, 2, 1, 1, 2, 1, 0],
[1, 2, 0, 2, 1, 1, 1, 1, 1, 0]]),
Matrix(GF(p),[ 
[0, 2, 2, 2, 2, 2, 0, 1, 2, 1],
[2, 2, 0, 2, 0, 1, 2, 0, 0, 0],
[1, 0, 1, 1, 1, 1, 2, 0, 0, 0],
[2, 1, 2, 2, 0, 1, 2, 2, 0, 1],
[1, 2, 2, 1, 0, 0, 1, 0, 1, 1],
[0, 0, 1, 1, 0, 2, 1, 2, 2, 2],
[1, 2, 1, 1, 0, 0, 2, 1, 0, 0],
[1, 2, 2, 2, 2, 1, 0, 0, 1, 0],
[1, 0, 0, 2, 1, 2, 2, 0, 1, 1],
[1, 2, 1, 1, 0, 0, 0, 1, 2, 2]]),
Matrix(GF(p),[ 
[1, 1, 0, 2, 2, 2, 2, 0, 2, 1],
[0, 2, 1, 2, 1, 1, 1, 0, 2, 2],
[1, 1, 0, 2, 2, 0, 0, 0, 0, 1],
[0, 2, 2, 2, 2, 1, 2, 2, 2, 1],
[1, 0, 0, 1, 0, 2, 1, 1, 1, 2],
[2, 0, 2, 0, 1, 2, 0, 2, 0, 1],
[1, 1, 0, 0, 0, 0, 1, 2, 2, 1],
[1, 2, 2, 0, 1, 0, 0, 1, 2, 0],
[0, 2, 0, 0, 1, 2, 1, 1, 0, 1],
[1, 1, 1, 2, 0, 2, 0, 2, 1, 2]]),
Matrix(GF(p),[
[2, 2, 1, 1, 2, 0, 2, 2, 1, 0],
[1, 2, 1, 2, 2, 0, 0, 2, 2, 1],
[0, 0, 2, 0, 2, 1, 2, 2, 1, 2],
[0, 1, 2, 0, 2, 2, 1, 2, 2, 2],
[1, 0, 1, 1, 0, 2, 0, 0, 1, 0],
[2, 0, 2, 0, 2, 0, 0, 2, 0, 0],
[0, 0, 2, 0, 1, 1, 1, 0, 1, 1],
[0, 2, 0, 1, 1, 2, 2, 0, 2, 0],
[2, 1, 2, 1, 1, 2, 2, 0, 0, 1],
[1, 0, 2, 2, 1, 0, 1, 2, 1, 2]]),
Matrix(GF(p),[ 
[1, 2, 1, 1, 0, 0, 2, 1, 1, 1],
[2, 1, 0, 2, 2, 2, 1, 0, 2, 0],
[1, 1, 1, 0, 2, 2, 0, 2, 0, 1],
[2, 2, 2, 0, 0, 2, 0, 1, 2, 1],
[2, 1, 2, 0, 0, 1, 1, 2, 1, 1],
[0, 2, 1, 1, 1, 1, 1, 2, 0, 1],
[0, 1, 2, 0, 0, 0, 1, 2, 1, 1],
[2, 1, 2, 0, 0, 1, 0, 2, 0, 1],
[0, 0, 1, 2, 1, 0, 2, 0, 0, 1],
[0, 0, 2, 1, 1, 0, 1, 1, 2, 0]]),
Matrix(GF(p),[ 
[2, 0, 1, 1, 0, 0, 2, 2, 1, 2],
[1, 0, 2, 1, 2, 1, 0, 2, 2, 2],
[1, 2, 2, 0, 0, 2, 2, 1, 0, 2],
[0, 2, 0, 2, 0, 0, 2, 0, 1, 1],
[1, 1, 1, 2, 1, 1, 2, 0, 1, 2],
[2, 1, 1, 1, 0, 0, 1, 2, 1, 1],
[1, 2, 1, 1, 1, 1, 2, 0, 1, 2],
[2, 0, 0, 0, 2, 0, 0, 0, 1, 0],
[0, 1, 1, 1, 1, 1, 2, 1, 1, 0],
[1, 2, 2, 2, 1, 2, 0, 0, 2, 1]]),
Matrix(GF(p),[
[2, 2, 2, 0, 2, 1, 1, 1, 0, 0],
[1, 2, 1, 0, 1, 0, 1, 2, 2, 0],
[2, 1, 2, 0, 0, 0, 2, 2, 0, 0],
[2, 2, 0, 1, 1, 1, 0, 1, 1, 1],
[0, 2, 1, 1, 1, 1, 1, 0, 2, 0],
[1, 0, 0, 2, 1, 2, 2, 1, 2, 2],
[0, 0, 0, 2, 2, 0, 0, 0, 2, 1],
[2, 0, 0, 2, 2, 2, 1, 0, 0, 2],
[2, 0, 0, 2, 2, 2, 1, 2, 0, 2],
[1, 2, 2, 2, 2, 2, 1, 0, 1, 1]]),
Matrix(GF(p),[ 
[2, 1, 2, 0, 0, 0, 0, 1, 2, 0],
[0, 2, 1, 2, 1, 1, 2, 1, 0, 2],
[0, 2, 1, 1, 0, 1, 1, 0, 2, 2],
[1, 2, 2, 0, 0, 1, 1, 0, 1, 2],
[0, 0, 2, 1, 1, 2, 1, 1, 2, 2],
[1, 1, 2, 1, 1, 0, 0, 0, 0, 1],
[2, 0, 0, 1, 0, 0, 1, 1, 2, 2],
[2, 1, 0, 1, 1, 0, 1, 2, 0, 2],
[0, 1, 1, 2, 0, 2, 0, 2, 0, 2],
[0, 2, 1, 1, 1, 0, 1, 0, 1, 1]]),
Matrix(GF(p),[ 
[2, 0, 0, 0, 2, 1, 1, 2, 1, 0],
[2, 2, 1, 2, 0, 2, 0, 1, 2, 2],
[1, 0, 2, 1, 2, 0, 2, 1, 1, 0],
[1, 0, 1, 1, 2, 2, 0, 1, 2, 0],
[0, 2, 0, 0, 0, 0, 0, 2, 0, 2],
[0, 0, 2, 1, 1, 0, 0, 0, 0, 1],
[0, 1, 1, 2, 2, 2, 2, 2, 1, 1],
[0, 0, 1, 1, 0, 0, 2, 2, 1, 1],
[1, 1, 2, 2, 1, 0, 2, 0, 0, 0],
[0, 1, 1, 0, 1, 0, 0, 0, 0, 1]]),
Matrix(GF(p),[
[1, 0, 2, 0, 0, 0, 0, 1, 2, 0],
[2, 0, 2, 0, 2, 2, 0, 2, 1, 2],
[0, 1, 0, 2, 1, 1, 2, 1, 1, 1],
[1, 2, 1, 0, 0, 0, 0, 0, 1, 0],
[2, 2, 2, 0, 0, 0, 1, 2, 1, 1],
[2, 2, 2, 2, 2, 1, 0, 1, 1, 1],
[2, 1, 1, 1, 2, 2, 0, 2, 2, 1],
[1, 1, 2, 0, 1, 0, 2, 0, 1, 2],
[0, 1, 1, 2, 1, 2, 0, 2, 1, 0],
[0, 0, 1, 0, 2, 2, 2, 2, 1, 1]]),
Matrix(GF(p),[ 
[1, 2, 0, 1, 2, 2, 1, 2, 1, 2],
[1, 2, 0, 0, 0, 1, 1, 0, 2, 1],
[1, 1, 2, 2, 0, 2, 0, 1, 0, 2],
[0, 2, 0, 2, 0, 0, 2, 1, 2, 1],
[2, 2, 1, 2, 0, 2, 0, 1, 2, 2],
[0, 0, 2, 2, 1, 2, 0, 0, 0, 2],
[0, 0, 2, 1, 0, 2, 1, 1, 0, 1],
[0, 2, 0, 1, 2, 1, 0, 0, 2, 2],
[0, 0, 2, 0, 2, 2, 1, 0, 2, 2],
[2, 0, 1, 2, 0, 2, 2, 1, 0, 1]]),
Matrix(GF(p),[ 
[1, 1, 1, 1, 2, 2, 0, 2, 2, 1],
[0, 2, 2, 0, 0, 0, 0, 1, 0, 0],
[0, 1, 2, 2, 1, 1, 0, 1, 2, 2],
[1, 0, 2, 0, 0, 2, 0, 2, 1, 2],
[1, 1, 2, 1, 2, 0, 1, 2, 0, 2],
[0, 2, 2, 1, 1, 0, 0, 0, 0, 1],
[2, 1, 1, 2, 1, 0, 0, 2, 1, 2],
[1, 2, 0, 1, 0, 2, 0, 1, 0, 2],
[1, 1, 0, 1, 0, 2, 0, 2, 1, 2],
[1, 0, 2, 1, 1, 0, 2, 0, 1, 1]]),
Matrix(GF(p),[
[0, 2, 0, 0, 0, 0, 0, 0, 2, 0],
[2, 1, 2, 0, 1, 0, 2, 2, 2, 0],
[1, 0, 1, 0, 2, 1, 2, 0, 1, 0],
[1, 0, 2, 1, 2, 2, 0, 0, 1, 1],
[2, 2, 2, 2, 0, 1, 0, 0, 2, 0],
[0, 2, 2, 1, 0, 1, 2, 1, 1, 1],
[1, 0, 0, 0, 0, 0, 1, 2, 0, 0],
[1, 2, 0, 0, 2, 2, 0, 2, 1, 1],
[2, 1, 1, 2, 0, 0, 2, 2, 2, 1],
[2, 0, 2, 0, 1, 1, 0, 2, 2, 0]]),
Matrix(GF(p),[ 
[2, 1, 0, 2, 0, 2, 1, 0, 0, 0],
[0, 1, 2, 2, 1, 0, 1, 1, 2, 1],
[1, 2, 0, 0, 1, 0, 0, 0, 0, 1],
[2, 1, 1, 0, 2, 2, 2, 0, 1, 0],
[0, 1, 0, 0, 1, 2, 2, 0, 2, 2],
[1, 0, 2, 0, 1, 1, 1, 2, 2, 1],
[2, 2, 1, 2, 1, 0, 2, 2, 2, 0],
[0, 2, 1, 1, 1, 0, 1, 1, 0, 2],
[0, 0, 1, 1, 2, 1, 2, 0, 2, 1],
[0, 0, 0, 1, 0, 2, 2, 1, 1, 2]]),
Matrix(GF(p),[ 
[0, 1, 2, 2, 2, 0, 2, 1, 2, 0],
[1, 0, 1, 2, 1, 0, 1, 1, 2, 2],
[1, 0, 1, 2, 0, 0, 2, 2, 0, 2],
[1, 2, 1, 0, 2, 0, 0, 0, 1, 2],
[0, 1, 2, 1, 1, 1, 0, 1, 1, 1],
[0, 1, 2, 2, 0, 2, 0, 0, 0, 0],
[2, 2, 0, 0, 1, 0, 1, 0, 2, 1],
[2, 2, 1, 2, 0, 1, 2, 0, 2, 1],
[1, 1, 1, 2, 0, 2, 2, 2, 1, 2],
[0, 0, 0, 1, 0, 1, 0, 0, 2, 0]]),
Matrix(GF(p),[
[2, 2, 1, 0, 0, 0, 0, 0, 0, 0],
[2, 0, 0, 1, 2, 1, 1, 2, 2, 0],
[2, 0, 0, 2, 1, 2, 0, 0, 0, 2],
[2, 1, 1, 1, 1, 1, 2, 1, 2, 0],
[2, 0, 0, 0, 2, 2, 0, 2, 1, 0],
[1, 2, 1, 2, 1, 0, 1, 1, 0, 1],
[2, 1, 0, 2, 2, 2, 1, 1, 1, 1],
[0, 1, 0, 1, 1, 0, 1, 0, 0, 1],
[2, 2, 2, 1, 1, 0, 1, 2, 2, 1],
[2, 0, 0, 1, 0, 2, 1, 0, 0, 1]]),
Matrix(GF(p),[ 
[0, 1, 2, 2, 2, 2, 2, 1, 1, 1],
[2, 0, 2, 2, 2, 0, 2, 2, 0, 1],
[0, 2, 2, 0, 1, 2, 1, 1, 2, 2],
[2, 1, 0, 2, 1, 1, 2, 1, 0, 2],
[1, 2, 0, 0, 0, 2, 2, 0, 1, 1],
[1, 1, 2, 2, 1, 1, 0, 2, 2, 1],
[0, 1, 1, 0, 2, 2, 1, 1, 0, 0],
[2, 1, 1, 0, 0, 0, 1, 1, 0, 1],
[1, 2, 2, 0, 1, 1, 1, 2, 2, 2],
[2, 1, 2, 2, 0, 0, 2, 0, 0, 0]]),
Matrix(GF(p),[ 
[2, 0, 2, 2, 0, 0, 1, 2, 1, 0],
[2, 2, 1, 1, 0, 0, 2, 2, 2, 1],
[2, 2, 1, 1, 1, 0, 0, 1, 1, 0],
[1, 2, 1, 2, 2, 1, 2, 2, 0, 0],
[0, 0, 0, 1, 2, 1, 1, 2, 2, 2],
[0, 0, 0, 1, 1, 1, 1, 1, 2, 2],
[2, 2, 0, 0, 0, 0, 1, 0, 0, 2],
[2, 0, 2, 1, 0, 0, 2, 2, 2, 1],
[0, 2, 1, 2, 1, 0, 1, 2, 1, 1],
[0, 1, 1, 1, 2, 1, 0, 0, 1, 1]]),
Matrix(GF(p),[
[0, 0, 0, 1, 0, 2, 2, 2, 2, 0],
[2, 0, 0, 1, 1, 1, 1, 1, 0, 2],
[1, 1, 0, 0, 1, 1, 1, 1, 2, 0],
[0, 1, 1, 2, 1, 2, 0, 1, 0, 1],
[2, 2, 2, 1, 1, 2, 0, 0, 2, 1],
[1, 0, 1, 2, 1, 0, 1, 1, 0, 2],
[1, 2, 2, 0, 1, 0, 0, 2, 2, 2],
[0, 0, 0, 2, 1, 2, 0, 0, 2, 1],
[1, 1, 1, 2, 1, 1, 1, 2, 2, 1],
[1, 1, 2, 0, 0, 1, 1, 1, 1, 2]]),
Matrix(GF(p),[ 
[2, 2, 2, 0, 1, 2, 1, 1, 2, 2],
[1, 1, 0, 2, 0, 0, 1, 0, 2, 0],
[2, 1, 0, 0, 0, 0, 1, 0, 0, 1],
[2, 0, 2, 0, 2, 0, 1, 0, 2, 0],
[0, 1, 1, 2, 2, 0, 1, 1, 2, 0],
[1, 1, 2, 0, 1, 1, 2, 2, 1, 1],
[0, 0, 2, 2, 2, 0, 1, 2, 0, 0],
[0, 1, 1, 2, 2, 1, 1, 0, 1, 2],
[1, 1, 0, 0, 0, 0, 1, 0, 1, 1],
[1, 1, 2, 1, 2, 2, 1, 2, 2, 0]]),
Matrix(GF(p),[ 
[1, 2, 0, 1, 0, 1, 2, 2, 0, 0],
[0, 0, 2, 0, 2, 2, 2, 0, 1, 2],
[2, 2, 1, 2, 0, 2, 1, 1, 2, 2],
[0, 2, 1, 1, 1, 2, 2, 2, 1, 0],
[2, 0, 1, 0, 0, 2, 0, 2, 1, 1],
[2, 1, 2, 2, 0, 1, 1, 0, 0, 0],
[2, 2, 2, 2, 1, 0, 1, 0, 1, 2],
[0, 2, 2, 2, 1, 2, 2, 1, 1, 1],
[0, 2, 0, 2, 1, 1, 2, 1, 2, 1],
[1, 0, 0, 2, 1, 1, 1, 2, 2, 0]]),
Matrix(GF(p),[
[1, 2, 1, 1, 2, 1, 0, 1, 1, 0],
[0, 0, 2, 2, 0, 1, 0, 2, 0, 2],
[0, 2, 1, 2, 1, 1, 1, 0, 2, 0],
[2, 1, 1, 2, 1, 2, 1, 0, 2, 1],
[0, 1, 2, 2, 0, 2, 1, 2, 1, 1],
[1, 1, 0, 2, 1, 2, 2, 0, 1, 1],
[1, 1, 2, 0, 0, 0, 0, 2, 1, 1],
[0, 0, 2, 1, 0, 2, 2, 2, 1, 2],
[1, 1, 2, 1, 0, 0, 0, 0, 0, 0],
[0, 2, 1, 0, 2, 1, 2, 0, 1, 0]]),
Matrix(GF(p),[ 
[2, 1, 1, 2, 1, 2, 0, 2, 1, 1],
[1, 2, 0, 0, 2, 1, 1, 1, 1, 0],
[2, 2, 2, 1, 1, 1, 1, 0, 0, 2],
[0, 1, 0, 1, 1, 2, 1, 0, 2, 2],
[0, 0, 1, 2, 1, 1, 1, 2, 2, 2],
[1, 2, 0, 1, 1, 2, 1, 2, 0, 0],
[2, 0, 1, 1, 2, 1, 2, 1, 0, 1],
[2, 0, 0, 0, 2, 2, 2, 0, 0, 0],
[1, 1, 1, 0, 1, 0, 1, 1, 0, 2],
[1, 1, 0, 1, 0, 2, 1, 0, 0, 2]]),
Matrix(GF(p),[ 
[2, 0, 2, 1, 2, 2, 2, 2, 1, 0],
[0, 1, 2, 0, 0, 2, 2, 2, 1, 0],
[0, 2, 0, 1, 0, 0, 0, 2, 1, 1],
[0, 2, 2, 0, 1, 2, 2, 2, 2, 1],
[2, 1, 2, 2, 1, 1, 0, 1, 2, 2],
[0, 0, 2, 2, 0, 0, 1, 0, 0, 0],
[0, 2, 1, 2, 0, 1, 2, 0, 1, 2],
[0, 2, 1, 1, 0, 0, 0, 1, 0, 0],
[1, 2, 0, 0, 1, 0, 0, 1, 2, 0],
[0, 0, 2, 0, 0, 2, 1, 2, 0, 1]]),
Matrix(GF(p),[
[2, 0, 1, 2, 1, 1, 2, 2, 2, 1],
[0, 1, 0, 0, 1, 0, 2, 0, 2, 2],
[2, 1, 1, 0, 2, 1, 2, 0, 2, 1],
[1, 0, 1, 1, 1, 2, 0, 1, 1, 2],
[2, 2, 0, 1, 2, 0, 2, 1, 1, 0],
[1, 0, 0, 2, 2, 2, 0, 1, 1, 1],
[0, 1, 1, 0, 0, 1, 1, 1, 2, 1],
[2, 0, 2, 2, 1, 1, 1, 2, 0, 1],
[0, 1, 0, 2, 0, 0, 2, 2, 1, 2],
[2, 1, 0, 0, 0, 2, 2, 1, 1, 2]]),
Matrix(GF(p),[ 
[1, 1, 2, 1, 1, 0, 2, 0, 0, 0],
[0, 2, 2, 1, 0, 1, 0, 2, 1, 0],
[1, 0, 1, 1, 2, 1, 2, 0, 1, 0],
[1, 1, 2, 0, 2, 0, 0, 0, 2, 0],
[0, 2, 1, 1, 0, 2, 0, 1, 0, 2],
[0, 1, 1, 0, 2, 1, 1, 2, 1, 1],
[0, 2, 0, 2, 2, 2, 1, 1, 1, 1],
[2, 1, 0, 2, 1, 1, 1, 1, 2, 0],
[2, 2, 2, 2, 2, 2, 2, 0, 2, 1],
[1, 2, 0, 2, 2, 1, 2, 1, 1, 0]]),
Matrix(GF(p),[ 
[0, 0, 2, 2, 0, 0, 1, 1, 1, 2],
[0, 2, 0, 2, 1, 1, 0, 0, 0, 2],
[0, 2, 0, 2, 1, 0, 2, 1, 1, 2],
[1, 0, 0, 0, 0, 1, 2, 2, 2, 0],
[0, 1, 2, 0, 0, 2, 1, 1, 2, 0],
[0, 1, 1, 1, 1, 0, 1, 0, 0, 0],
[0, 0, 0, 0, 0, 2, 1, 0, 2, 1],
[0, 2, 1, 1, 0, 1, 2, 2, 0, 2],
[1, 1, 0, 0, 0, 0, 1, 0, 1, 2],
[1, 0, 0, 1, 1, 1, 1, 0, 0, 0]]),
Matrix(GF(p),[
[2, 2, 1, 1, 2, 0, 0, 1, 1, 1],
[1, 1, 1, 0, 2, 2, 0, 2, 2, 0],
[2, 2, 1, 1, 0, 2, 1, 2, 2, 1],
[1, 0, 0, 1, 1, 2, 1, 2, 2, 0],
[2, 0, 1, 1, 0, 2, 2, 2, 2, 1],
[2, 0, 2, 0, 0, 0, 0, 1, 0, 1],
[0, 2, 2, 2, 2, 0, 1, 1, 0, 1],
[2, 0, 0, 0, 2, 1, 2, 1, 1, 0],
[2, 1, 1, 2, 2, 1, 0, 0, 1, 2],
[2, 0, 0, 1, 0, 1, 1, 1, 1, 1]]),
Matrix(GF(p),[ 
[2, 0, 0, 1, 0, 1, 2, 1, 2, 1],
[0, 2, 1, 0, 2, 0, 1, 0, 0, 0],
[1, 0, 0, 1, 2, 2, 2, 0, 1, 2],
[2, 0, 1, 0, 0, 1, 0, 1, 1, 1],
[1, 0, 1, 1, 0, 0, 0, 1, 1, 0],
[2, 2, 0, 2, 0, 0, 0, 2, 1, 0],
[0, 0, 2, 2, 0, 0, 0, 1, 2, 0],
[2, 0, 1, 2, 1, 1, 2, 2, 1, 2],
[2, 2, 1, 2, 1, 0, 1, 1, 0, 1],
[0, 2, 0, 2, 1, 1, 0, 1, 1, 0]]),
Matrix(GF(p),[ 
[2, 1, 2, 0, 2, 1, 2, 0, 2, 1],
[0, 2, 2, 2, 0, 2, 0, 1, 0, 1],
[0, 0, 2, 0, 2, 2, 0, 0, 1, 0],
[1, 1, 0, 2, 1, 1, 0, 2, 0, 1],
[2, 0, 0, 0, 1, 2, 0, 2, 1, 1],
[1, 2, 1, 1, 2, 1, 1, 1, 2, 0],
[1, 2, 2, 2, 1, 1, 0, 0, 1, 1],
[2, 0, 2, 0, 2, 0, 2, 1, 2, 0],
[1, 2, 2, 2, 0, 0, 2, 0, 0, 0],
[1, 2, 2, 1, 0, 1, 1, 2, 2, 1]]),
Matrix(GF(p),[
[1, 1, 0, 2, 2, 1, 1, 0, 2, 2],
[1, 1, 2, 1, 2, 2, 2, 1, 1, 1],
[1, 2, 1, 1, 2, 0, 1, 2, 1, 1],
[2, 1, 1, 1, 0, 2, 2, 0, 0, 0],
[0, 0, 2, 0, 1, 2, 2, 2, 1, 1],
[2, 1, 2, 2, 1, 0, 1, 1, 1, 0],
[1, 0, 1, 1, 0, 0, 2, 2, 1, 2],
[1, 2, 2, 2, 0, 2, 0, 2, 0, 0],
[1, 1, 2, 0, 2, 1, 2, 2, 1, 0],
[2, 0, 2, 0, 0, 0, 1, 2, 0, 2]]),
Matrix(GF(p),[ 
[0, 0, 1, 0, 0, 0, 1, 1, 2, 1],
[1, 1, 2, 0, 1, 1, 1, 2, 2, 0],
[0, 1, 0, 0, 2, 2, 0, 0, 2, 2],
[1, 1, 2, 2, 1, 0, 1, 2, 0, 0],
[2, 2, 0, 2, 0, 1, 0, 1, 2, 1],
[1, 2, 2, 1, 1, 0, 1, 1, 2, 0],
[1, 2, 0, 2, 0, 0, 2, 0, 0, 0],
[0, 0, 0, 2, 0, 0, 1, 0, 1, 2],
[0, 2, 1, 0, 1, 1, 0, 1, 2, 1],
[1, 0, 1, 0, 2, 2, 2, 1, 0, 1]]),
Matrix(GF(p),[ 
[0, 0, 2, 2, 2, 2, 2, 0, 1, 1],
[2, 2, 0, 1, 2, 1, 1, 2, 1, 1],
[2, 2, 0, 1, 0, 1, 2, 2, 1, 1],
[0, 0, 2, 1, 1, 1, 1, 2, 2, 0],
[2, 0, 1, 2, 2, 2, 0, 0, 0, 2],
[1, 2, 0, 2, 2, 2, 1, 1, 2, 1],
[1, 2, 1, 1, 1, 1, 0, 1, 2, 1],
[2, 0, 2, 0, 0, 2, 2, 1, 2, 2],
[1, 1, 1, 2, 2, 2, 2, 1, 2, 1],
[2, 0, 2, 1, 2, 0, 1, 2, 2, 1]]),
Matrix(GF(p),[
[2, 2, 2, 0, 0, 0, 1, 0, 2, 1],
[2, 2, 0, 2, 1, 0, 0, 2, 2, 0],
[2, 0, 2, 2, 2, 1, 2, 0, 2, 0],
[0, 0, 1, 1, 0, 2, 2, 2, 1, 2],
[1, 2, 2, 1, 1, 0, 0, 1, 0, 2],
[0, 1, 2, 0, 0, 0, 2, 1, 2, 1],
[0, 1, 0, 0, 1, 1, 1, 2, 0, 1],
[1, 0, 0, 0, 1, 1, 1, 1, 2, 2],
[2, 1, 1, 2, 1, 2, 1, 2, 1, 2],
[1, 2, 2, 1, 1, 1, 2, 1, 2, 0]]),
Matrix(GF(p),[ 
[0, 0, 1, 2, 1, 2, 1, 2, 1, 0],
[0, 0, 1, 0, 0, 1, 1, 2, 1, 0],
[1, 1, 0, 2, 2, 0, 0, 1, 2, 0],
[1, 0, 0, 0, 1, 0, 2, 0, 0, 1],
[2, 0, 2, 2, 1, 0, 0, 2, 1, 1],
[1, 0, 0, 2, 2, 1, 1, 0, 2, 2],
[1, 0, 2, 1, 1, 2, 1, 1, 1, 0],
[1, 1, 2, 2, 2, 2, 0, 1, 1, 0],
[0, 0, 2, 2, 1, 1, 2, 2, 0, 2],
[0, 2, 0, 1, 2, 0, 2, 1, 2, 0]]),
Matrix(GF(p),[ 
[0, 0, 2, 2, 1, 0, 1, 1, 1, 1],
[1, 2, 1, 1, 0, 0, 2, 0, 0, 0],
[1, 1, 2, 2, 2, 2, 2, 1, 0, 1],
[2, 1, 1, 1, 1, 2, 1, 2, 0, 1],
[1, 1, 1, 0, 1, 0, 2, 0, 1, 2],
[2, 1, 0, 2, 0, 1, 2, 2, 1, 1],
[1, 2, 1, 0, 2, 0, 2, 1, 0, 0],
[0, 0, 1, 2, 2, 2, 1, 1, 2, 2],
[2, 1, 2, 0, 2, 1, 1, 1, 1, 2],
[0, 1, 0, 0, 2, 2, 0, 2, 0, 1]]),
Matrix(GF(p),[
[2, 1, 0, 0, 0, 1, 0, 0, 2, 0],
[2, 2, 0, 2, 2, 2, 2, 2, 0, 2],
[1, 2, 2, 1, 0, 0, 1, 0, 0, 0],
[2, 2, 1, 0, 0, 2, 1, 2, 0, 2],
[1, 1, 1, 1, 0, 2, 2, 1, 2, 0],
[1, 2, 0, 1, 0, 2, 0, 1, 1, 0],
[2, 0, 1, 1, 1, 2, 1, 0, 2, 0],
[2, 1, 0, 1, 1, 0, 0, 2, 0, 0],
[2, 0, 2, 2, 1, 1, 1, 0, 2, 1],
[0, 0, 0, 0, 0, 1, 2, 2, 0, 0]]),
Matrix(GF(p),[ 
[2, 1, 0, 1, 1, 1, 1, 1, 0, 1],
[1, 1, 0, 0, 0, 1, 2, 0, 0, 2],
[0, 2, 2, 1, 2, 0, 1, 2, 1, 1],
[1, 1, 2, 1, 1, 1, 1, 1, 0, 0],
[0, 2, 0, 0, 0, 2, 0, 1, 0, 1],
[1, 2, 2, 1, 2, 0, 1, 0, 0, 1],
[1, 1, 1, 1, 1, 2, 0, 2, 1, 0],
[0, 2, 2, 1, 2, 0, 2, 2, 2, 0],
[0, 1, 1, 0, 2, 2, 0, 2, 2, 1],
[2, 2, 1, 2, 2, 2, 2, 1, 1, 1]]),
Matrix(GF(p),[ 
[2, 1, 2, 1, 1, 0, 1, 0, 0, 0],
[0, 1, 0, 2, 1, 1, 2, 2, 0, 1],
[0, 2, 1, 1, 0, 2, 1, 0, 0, 2],
[2, 0, 2, 1, 1, 1, 2, 1, 2, 1],
[1, 1, 0, 1, 0, 0, 1, 2, 0, 1],
[2, 1, 1, 1, 0, 1, 0, 2, 0, 1],
[1, 0, 1, 0, 2, 2, 1, 2, 0, 1],
[1, 1, 0, 1, 0, 2, 2, 2, 0, 2],
[0, 1, 2, 1, 0, 2, 1, 0, 0, 1],
[2, 2, 1, 0, 0, 2, 2, 0, 0, 2]]),
Matrix(GF(p),[
[0, 2, 1, 0, 1, 2, 1, 1, 0, 2],
[2, 2, 0, 1, 0, 0, 2, 2, 2, 2],
[0, 2, 2, 0, 1, 2, 2, 0, 2, 0],
[2, 2, 1, 0, 2, 2, 1, 1, 1, 1],
[2, 0, 1, 2, 1, 0, 1, 2, 1, 0],
[2, 0, 0, 0, 2, 0, 2, 2, 1, 1],
[1, 0, 0, 1, 2, 1, 0, 0, 2, 0],
[0, 0, 2, 0, 2, 1, 2, 0, 0, 1],
[1, 0, 0, 2, 0, 1, 2, 1, 2, 1],
[2, 1, 0, 1, 1, 1, 2, 2, 1, 2]]),
Matrix(GF(p),[ 
[0, 2, 1, 2, 2, 0, 0, 0, 1, 1],
[1, 0, 2, 0, 2, 0, 0, 2, 0, 2],
[0, 2, 2, 1, 0, 1, 2, 1, 0, 2],
[2, 1, 0, 2, 2, 0, 0, 0, 1, 0],
[2, 0, 0, 1, 0, 2, 2, 1, 0, 1],
[2, 2, 2, 2, 0, 0, 2, 1, 2, 2],
[2, 0, 1, 1, 1, 1, 0, 0, 2, 1],
[2, 0, 1, 2, 1, 2, 0, 0, 2, 2],
[0, 1, 0, 0, 2, 1, 2, 1, 2, 2],
[0, 0, 2, 2, 1, 2, 0, 2, 2, 2]]),
Matrix(GF(p),[ 
[1, 0, 1, 2, 1, 2, 2, 0, 1, 2],
[2, 1, 0, 1, 2, 1, 2, 2, 2, 0],
[0, 0, 1, 2, 0, 0, 2, 0, 1, 0],
[1, 2, 1, 0, 1, 1, 1, 2, 2, 1],
[1, 0, 2, 0, 2, 2, 2, 0, 0, 2],
[0, 1, 0, 1, 0, 1, 0, 2, 1, 1],
[0, 0, 1, 2, 0, 0, 2, 2, 1, 1],
[1, 0, 0, 2, 2, 2, 0, 0, 0, 2],
[2, 2, 2, 1, 0, 0, 2, 0, 2, 1],
[1, 1, 2, 0, 1, 1, 2, 1, 0, 2]]),
Matrix(GF(p),[
[0, 1, 2, 2, 1, 2, 2, 0, 2, 0],
[2, 0, 2, 0, 1, 0, 1, 0, 1, 0],
[2, 0, 2, 0, 0, 0, 0, 2, 0, 1],
[0, 0, 0, 2, 0, 2, 0, 0, 2, 2],
[2, 0, 1, 1, 1, 2, 2, 2, 0, 1],
[0, 1, 0, 2, 1, 0, 1, 1, 2, 0],
[1, 1, 2, 0, 2, 1, 2, 2, 2, 0],
[0, 2, 2, 2, 0, 0, 0, 2, 0, 0],
[0, 0, 0, 0, 0, 0, 0, 2, 2, 1],
[2, 1, 1, 1, 2, 2, 1, 0, 2, 0]]),
Matrix(GF(p),[ 
[0, 1, 0, 2, 1, 2, 0, 1, 2, 1],
[2, 0, 0, 0, 1, 1, 2, 1, 2, 2],
[0, 2, 2, 1, 1, 1, 1, 1, 1, 0],
[0, 2, 1, 2, 2, 1, 0, 2, 2, 2],
[2, 1, 0, 1, 1, 0, 2, 1, 0, 2],
[0, 2, 1, 2, 1, 2, 2, 0, 2, 0],
[2, 2, 0, 1, 2, 2, 1, 1, 0, 2],
[1, 2, 2, 0, 0, 1, 1, 0, 2, 1],
[2, 0, 0, 0, 2, 0, 1, 1, 2, 0],
[0, 0, 1, 0, 1, 0, 0, 2, 0, 1]]),
Matrix(GF(p),[ 
[0, 0, 0, 2, 0, 0, 1, 0, 2, 2],
[2, 0, 1, 1, 2, 2, 0, 0, 0, 1],
[2, 0, 1, 0, 1, 1, 1, 1, 2, 1],
[1, 2, 1, 2, 2, 0, 2, 0, 2, 2],
[0, 0, 1, 0, 2, 0, 1, 0, 0, 0],
[0, 1, 1, 1, 2, 0, 2, 2, 2, 2],
[1, 1, 1, 2, 1, 0, 1, 1, 1, 0],
[2, 2, 2, 0, 0, 0, 1, 1, 2, 0],
[1, 1, 2, 2, 1, 0, 1, 2, 1, 0],
[0, 1, 0, 1, 2, 2, 2, 2, 0, 1]]),
Matrix(GF(p),[
[2, 2, 2, 0, 1, 1, 2, 2, 2, 2],
[1, 0, 0, 2, 2, 2, 0, 0, 2, 0],
[0, 2, 0, 0, 0, 2, 0, 0, 0, 2],
[2, 1, 1, 1, 1, 2, 1, 1, 0, 2],
[1, 2, 1, 0, 0, 1, 1, 2, 2, 1],
[1, 2, 1, 0, 0, 2, 0, 0, 2, 2],
[0, 0, 2, 1, 1, 0, 0, 0, 1, 0],
[1, 0, 2, 1, 0, 1, 2, 0, 2, 1],
[0, 1, 2, 0, 1, 2, 2, 2, 2, 1],
[2, 0, 2, 1, 2, 1, 1, 1, 0, 1]]),
Matrix(GF(p),[ 
[2, 2, 1, 0, 0, 1, 0, 0, 2, 1],
[1, 1, 0, 0, 2, 2, 0, 1, 2, 0],
[1, 0, 1, 0, 2, 0, 0, 0, 1, 2],
[0, 1, 2, 1, 1, 2, 2, 2, 1, 2],
[0, 2, 1, 1, 2, 2, 2, 2, 2, 1],
[0, 1, 2, 0, 2, 1, 0, 1, 1, 1],
[0, 0, 1, 1, 0, 2, 2, 0, 0, 2],
[0, 2, 2, 2, 1, 2, 0, 1, 1, 0],
[1, 1, 1, 0, 2, 1, 1, 2, 1, 1],
[2, 1, 2, 2, 0, 2, 1, 0, 1, 2]]),
Matrix(GF(p),[ 
[0, 0, 2, 0, 0, 2, 1, 0, 1, 0],
[1, 1, 1, 2, 2, 2, 0, 2, 0, 0],
[2, 1, 2, 0, 0, 0, 2, 1, 0, 0],
[2, 1, 0, 1, 1, 2, 1, 0, 0, 0],
[2, 1, 0, 0, 1, 0, 1, 0, 2, 2],
[2, 1, 2, 0, 1, 0, 0, 1, 1, 0],
[0, 1, 0, 2, 2, 2, 1, 2, 0, 0],
[0, 0, 1, 0, 1, 2, 2, 0, 0, 2],
[1, 2, 0, 0, 2, 1, 1, 0, 0, 1],
[2, 2, 1, 0, 1, 0, 1, 1, 2, 1]]),
Matrix(GF(p),[
[2, 1, 2, 2, 2, 2, 0, 2, 1, 2],
[0, 2, 0, 1, 1, 0, 2, 0, 0, 2],
[0, 0, 0, 2, 1, 1, 2, 2, 0, 0],
[0, 1, 0, 2, 0, 2, 1, 1, 0, 0],
[2, 1, 2, 1, 2, 0, 1, 0, 2, 1],
[0, 2, 2, 2, 1, 2, 1, 1, 1, 1],
[0, 0, 0, 1, 1, 1, 1, 1, 0, 2],
[1, 0, 0, 2, 0, 2, 2, 0, 0, 2],
[0, 1, 1, 2, 1, 2, 0, 0, 2, 0],
[2, 2, 2, 2, 1, 1, 1, 1, 2, 1]]),
Matrix(GF(p),[ 
[2, 2, 1, 0, 2, 0, 2, 1, 1, 2],
[2, 1, 1, 0, 0, 2, 0, 1, 0, 0],
[1, 2, 1, 2, 0, 2, 2, 0, 2, 1],
[0, 0, 1, 2, 1, 1, 2, 1, 2, 1],
[1, 0, 1, 0, 1, 2, 2, 1, 2, 0],
[0, 0, 1, 1, 2, 0, 0, 1, 1, 1],
[1, 0, 1, 2, 2, 1, 1, 1, 0, 1],
[1, 1, 1, 0, 1, 2, 0, 2, 0, 0],
[1, 0, 0, 2, 0, 0, 2, 2, 0, 1],
[0, 2, 1, 2, 0, 2, 2, 2, 2, 0]]),
Matrix(GF(p),[ 
[1, 0, 2, 1, 1, 1, 2, 2, 2, 1],
[1, 0, 0, 2, 1, 2, 0, 2, 1, 0],
[2, 2, 2, 2, 1, 2, 2, 0, 2, 0],
[0, 1, 2, 1, 2, 2, 1, 1, 1, 1],
[1, 1, 2, 1, 2, 1, 0, 0, 1, 1],
[0, 0, 1, 0, 1, 2, 2, 0, 1, 1],
[1, 0, 2, 2, 2, 0, 0, 2, 0, 1],
[1, 0, 0, 1, 2, 0, 0, 0, 1, 1],
[2, 1, 1, 2, 2, 1, 2, 2, 2, 2],
[0, 2, 2, 1, 2, 0, 0, 2, 2, 0]]),
Matrix(GF(p),[
[1, 0, 1, 0, 2, 2, 1, 0, 2, 1],
[0, 0, 2, 2, 2, 0, 1, 2, 2, 2],
[1, 1, 2, 1, 1, 0, 2, 0, 0, 0],
[1, 2, 1, 0, 0, 2, 1, 1, 2, 2],
[1, 2, 2, 2, 2, 1, 2, 0, 2, 2],
[2, 2, 1, 2, 2, 0, 2, 2, 0, 0],
[0, 1, 2, 1, 1, 2, 2, 0, 2, 2],
[0, 1, 1, 0, 1, 0, 2, 0, 1, 1],
[0, 0, 2, 2, 0, 1, 2, 0, 1, 2],
[1, 1, 2, 0, 0, 0, 0, 2, 0, 0]]),
Matrix(GF(p),[ 
[0, 0, 1, 2, 0, 1, 1, 0, 2, 2],
[1, 1, 1, 2, 2, 0, 0, 0, 1, 1],
[2, 0, 1, 1, 2, 1, 0, 1, 1, 1],
[0, 1, 0, 1, 2, 2, 2, 2, 2, 0],
[1, 1, 1, 1, 1, 0, 2, 1, 1, 2],
[1, 2, 1, 1, 1, 1, 2, 1, 2, 0],
[2, 0, 1, 2, 0, 0, 1, 0, 0, 0],
[0, 0, 1, 2, 2, 1, 2, 1, 1, 2],
[0, 2, 0, 1, 1, 1, 1, 1, 0, 1],
[0, 0, 2, 2, 0, 2, 1, 0, 2, 2]]),
Matrix(GF(p),[ 
[0, 0, 0, 1, 2, 2, 1, 1, 1, 2],
[2, 2, 0, 0, 0, 2, 2, 0, 2, 0],
[2, 0, 1, 0, 2, 2, 0, 2, 2, 0],
[0, 2, 0, 1, 0, 1, 1, 1, 1, 0],
[0, 0, 1, 1, 2, 0, 0, 1, 1, 1],
[0, 0, 1, 1, 1, 2, 2, 0, 2, 1],
[0, 0, 1, 1, 0, 2, 2, 2, 1, 2],
[1, 0, 2, 0, 0, 2, 2, 0, 1, 1],
[1, 0, 1, 0, 1, 0, 1, 0, 2, 1],
[1, 2, 0, 0, 1, 1, 0, 0, 1, 2]]),
Matrix(GF(p),[
[2, 1, 0, 2, 1, 1, 2, 2, 0, 2],
[2, 1, 2, 1, 0, 2, 1, 1, 2, 2],
[1, 2, 0, 0, 2, 1, 1, 0, 1, 1],
[0, 0, 0, 0, 0, 0, 0, 0, 2, 2],
[0, 0, 0, 0, 2, 0, 0, 1, 0, 2],
[2, 2, 0, 2, 2, 1, 0, 0, 1, 0],
[0, 2, 2, 0, 2, 2, 1, 1, 1, 1],
[1, 0, 0, 0, 0, 2, 2, 1, 0, 1],
[1, 2, 0, 2, 2, 0, 1, 2, 0, 0],
[2, 0, 2, 0, 0, 2, 0, 2, 1, 0]]),
Matrix(GF(p),[ 
[0, 1, 2, 1, 0, 0, 1, 1, 0, 1],
[2, 1, 2, 1, 1, 0, 1, 0, 1, 0],
[1, 0, 2, 0, 1, 2, 1, 2, 2, 0],
[2, 2, 1, 2, 0, 2, 2, 0, 1, 1],
[0, 0, 0, 1, 1, 2, 2, 1, 0, 0],
[0, 0, 0, 0, 1, 1, 1, 1, 1, 2],
[0, 0, 1, 0, 0, 1, 1, 2, 0, 2],
[1, 1, 1, 1, 1, 1, 0, 2, 0, 0],
[1, 2, 1, 2, 2, 0, 2, 1, 0, 0],
[0, 1, 1, 1, 1, 2, 2, 2, 0, 1]]),
Matrix(GF(p),[ 
[2, 1, 0, 2, 2, 2, 1, 2, 2, 1],
[0, 0, 0, 2, 1, 1, 0, 1, 2, 2],
[0, 2, 0, 0, 1, 0, 2, 0, 0, 0],
[1, 1, 1, 2, 1, 1, 1, 0, 0, 2],
[1, 0, 2, 0, 0, 0, 2, 2, 1, 2],
[1, 0, 1, 0, 1, 1, 1, 1, 2, 1],
[2, 2, 1, 1, 1, 2, 1, 2, 2, 0],
[1, 2, 2, 0, 0, 0, 0, 2, 2, 2],
[0, 2, 2, 2, 2, 2, 2, 1, 1, 0],
[1, 2, 0, 2, 2, 1, 1, 1, 0, 0]]),
Matrix(GF(p),[
[1, 1, 1, 1, 1, 2, 2, 0, 1, 1],
[1, 2, 2, 2, 0, 2, 0, 2, 2, 1],
[1, 0, 1, 2, 1, 2, 2, 1, 2, 0],
[2, 0, 2, 1, 2, 0, 1, 1, 1, 0],
[0, 0, 2, 0, 2, 0, 0, 0, 0, 2],
[0, 1, 1, 2, 0, 1, 2, 1, 1, 0],
[0, 2, 1, 1, 1, 0, 2, 0, 0, 0],
[0, 2, 0, 0, 1, 0, 1, 0, 0, 0],
[2, 2, 2, 2, 0, 1, 1, 2, 1, 2],
[1, 1, 1, 2, 0, 0, 2, 0, 2, 2]]),
Matrix(GF(p),[ 
[1, 0, 1, 0, 0, 2, 1, 0, 1, 2],
[1, 1, 2, 1, 0, 0, 1, 1, 1, 2],
[2, 1, 2, 2, 0, 2, 1, 2, 2, 1],
[0, 1, 0, 1, 0, 0, 2, 0, 1, 1],
[1, 1, 2, 2, 1, 0, 2, 2, 1, 2],
[1, 0, 2, 2, 2, 2, 0, 0, 0, 2],
[0, 1, 1, 2, 2, 2, 0, 2, 0, 2],
[1, 0, 2, 2, 0, 2, 0, 2, 0, 1],
[0, 1, 0, 1, 2, 1, 0, 1, 0, 0],
[1, 2, 0, 2, 0, 0, 2, 2, 1, 0]]),
Matrix(GF(p),[ 
[2, 2, 0, 0, 0, 1, 2, 2, 1, 2],
[0, 0, 0, 0, 0, 1, 1, 2, 0, 1],
[0, 2, 1, 2, 1, 0, 0, 2, 1, 2],
[2, 1, 1, 1, 2, 1, 1, 1, 1, 2],
[2, 0, 0, 1, 0, 2, 1, 2, 0, 0],
[2, 2, 0, 2, 2, 1, 1, 2, 0, 1],
[1, 0, 0, 1, 1, 0, 2, 2, 0, 1],
[1, 0, 0, 1, 1, 0, 1, 1, 2, 1],
[0, 0, 1, 0, 2, 0, 0, 1, 2, 0],
[1, 2, 1, 2, 2, 0, 0, 1, 2, 1]]),
Matrix(GF(p),[
[0, 0, 0, 2, 1, 0, 1, 1, 2, 2],
[2, 0, 2, 1, 1, 0, 2, 0, 1, 2],
[2, 2, 1, 1, 0, 1, 2, 0, 1, 0],
[1, 0, 1, 0, 2, 1, 0, 0, 0, 2],
[2, 2, 2, 0, 2, 1, 0, 0, 0, 1],
[2, 2, 2, 1, 1, 0, 0, 2, 0, 0],
[0, 2, 1, 2, 2, 0, 1, 0, 2, 1],
[1, 2, 1, 2, 1, 1, 0, 2, 2, 0],
[2, 1, 2, 0, 0, 1, 2, 2, 2, 1],
[0, 2, 1, 0, 2, 1, 1, 0, 2, 0]]),
Matrix(GF(p),[ 
[1, 0, 0, 2, 0, 0, 0, 2, 0, 0],
[1, 2, 2, 2, 1, 1, 0, 1, 1, 0],
[2, 1, 2, 1, 2, 0, 2, 2, 2, 1],
[1, 0, 0, 2, 1, 2, 0, 2, 1, 1],
[2, 0, 0, 2, 2, 0, 0, 1, 1, 0],
[1, 1, 1, 2, 0, 1, 0, 0, 1, 2],
[0, 1, 1, 1, 0, 1, 0, 0, 2, 2],
[0, 0, 2, 2, 1, 2, 1, 2, 2, 0],
[1, 0, 0, 2, 1, 0, 0, 0, 2, 2],
[2, 2, 2, 0, 1, 0, 0, 2, 2, 2]]),
Matrix(GF(p),[ 
[0, 2, 2, 1, 1, 0, 2, 2, 1, 1],
[2, 1, 2, 2, 0, 2, 1, 1, 2, 0],
[1, 0, 0, 2, 1, 2, 2, 2, 2, 2],
[0, 2, 2, 1, 1, 1, 1, 1, 0, 0],
[2, 2, 1, 1, 1, 1, 0, 0, 0, 2],
[1, 0, 2, 0, 1, 0, 2, 2, 2, 1],
[0, 1, 0, 1, 0, 2, 0, 0, 2, 1],
[1, 2, 2, 2, 0, 0, 2, 1, 2, 0],
[0, 1, 0, 0, 1, 0, 2, 1, 2, 2],
[1, 0, 0, 0, 2, 2, 1, 2, 0, 1]]),
Matrix(GF(p),[
[0, 2, 2, 0, 1, 2, 2, 0, 2, 0],
[2, 1, 0, 0, 1, 2, 1, 1, 1, 1],
[2, 1, 1, 2, 2, 2, 2, 2, 0, 2],
[2, 1, 0, 2, 2, 2, 0, 0, 0, 2],
[0, 2, 1, 1, 2, 1, 2, 2, 2, 1],
[0, 2, 0, 1, 2, 2, 2, 0, 1, 2],
[1, 2, 2, 2, 0, 0, 1, 1, 0, 1],
[1, 2, 2, 2, 1, 1, 0, 2, 2, 0],
[1, 1, 0, 0, 2, 1, 0, 0, 2, 1],
[2, 0, 2, 2, 0, 0, 1, 1, 1, 1]]),
Matrix(GF(p),[ 
[2, 1, 0, 2, 1, 0, 2, 1, 0, 1],
[0, 2, 1, 0, 2, 2, 2, 1, 0, 0],
[1, 1, 2, 2, 2, 1, 0, 1, 0, 2],
[2, 1, 2, 2, 2, 2, 0, 2, 1, 2],
[2, 2, 1, 0, 2, 1, 0, 2, 1, 2],
[2, 0, 2, 0, 1, 0, 0, 2, 0, 1],
[1, 1, 0, 0, 0, 0, 0, 2, 1, 2],
[2, 0, 0, 1, 0, 0, 1, 0, 0, 1],
[2, 2, 1, 0, 1, 1, 2, 0, 1, 2],
[2, 0, 0, 0, 0, 0, 1, 2, 1, 1]]),
Matrix(GF(p),[ 
[0, 0, 2, 0, 1, 2, 2, 0, 2, 0],
[2, 0, 0, 1, 0, 1, 1, 0, 0, 1],
[1, 1, 1, 1, 0, 1, 2, 2, 2, 1],
[1, 0, 1, 2, 2, 0, 1, 0, 0, 1],
[0, 0, 0, 0, 1, 1, 2, 0, 2, 2],
[0, 0, 2, 0, 0, 2, 0, 2, 2, 2],
[0, 2, 0, 1, 2, 0, 0, 0, 1, 1],
[2, 2, 2, 1, 2, 2, 1, 0, 1, 0],
[0, 1, 2, 0, 2, 1, 2, 1, 1, 0],
[2, 1, 2, 2, 1, 2, 2, 0, 2, 1]]),
Matrix(GF(p),[
[1, 1, 1, 1, 2, 1, 0, 2, 0, 1],
[0, 1, 2, 1, 1, 2, 0, 0, 2, 2],
[0, 0, 1, 2, 2, 1, 0, 0, 1, 1],
[1, 1, 1, 1, 1, 1, 2, 0, 0, 1],
[2, 2, 1, 0, 2, 0, 0, 1, 0, 2],
[2, 0, 2, 0, 0, 2, 2, 1, 2, 2],
[0, 0, 0, 1, 2, 0, 0, 1, 2, 1],
[0, 1, 0, 0, 0, 1, 0, 1, 2, 1],
[2, 2, 1, 0, 1, 0, 2, 0, 2, 0],
[1, 0, 0, 0, 0, 0, 0, 0, 2, 2]]),
Matrix(GF(p),[ 
[0, 1, 0, 0, 1, 2, 2, 2, 2, 2],
[2, 1, 0, 1, 0, 1, 1, 1, 0, 2],
[0, 0, 0, 2, 2, 0, 1, 0, 0, 2],
[2, 0, 1, 1, 0, 1, 1, 1, 2, 0],
[1, 1, 1, 0, 0, 1, 0, 2, 1, 2],
[0, 2, 2, 1, 0, 0, 0, 0, 2, 0],
[0, 0, 0, 2, 2, 0, 1, 1, 1, 0],
[2, 0, 0, 0, 2, 0, 2, 2, 0, 0],
[1, 2, 2, 2, 0, 0, 0, 0, 0, 0],
[0, 0, 2, 0, 2, 0, 0, 2, 0, 0]]),
Matrix(GF(p),[ 
[0, 0, 1, 2, 2, 2, 0, 0, 1, 0],
[2, 1, 0, 1, 0, 0, 1, 1, 0, 1],
[1, 2, 0, 0, 2, 0, 2, 1, 0, 1],
[0, 2, 0, 1, 0, 0, 2, 1, 2, 2],
[2, 0, 0, 0, 0, 0, 1, 0, 1, 0],
[2, 1, 0, 1, 0, 0, 1, 1, 1, 2],
[2, 2, 1, 1, 1, 1, 2, 0, 0, 0],
[1, 1, 2, 1, 0, 1, 0, 2, 1, 2],
[2, 0, 2, 2, 1, 1, 2, 2, 1, 1],
[0, 2, 1, 0, 1, 1, 2, 2, 2, 1]]),
Matrix(GF(p),[
[1, 1, 2, 2, 2, 2, 1, 2, 1, 2],
[1, 1, 2, 2, 0, 2, 2, 0, 0, 1],
[0, 1, 0, 2, 1, 0, 2, 1, 1, 2],
[0, 0, 2, 2, 1, 1, 0, 1, 1, 0],
[0, 0, 1, 0, 1, 0, 0, 0, 1, 1],
[0, 0, 1, 0, 0, 0, 2, 2, 2, 1],
[0, 1, 2, 2, 2, 0, 2, 0, 2, 0],
[0, 0, 2, 1, 2, 1, 0, 2, 1, 1],
[2, 0, 1, 0, 2, 1, 1, 0, 0, 1],
[1, 1, 0, 0, 1, 0, 0, 0, 0, 1]]),
Matrix(GF(p),[ 
[1, 1, 1, 1, 2, 2, 2, 0, 2, 1],
[1, 2, 1, 2, 1, 0, 0, 1, 0, 1],
[2, 0, 0, 0, 0, 1, 2, 0, 2, 2],
[2, 1, 2, 1, 1, 2, 1, 0, 2, 2],
[1, 0, 0, 0, 2, 0, 2, 1, 1, 2],
[0, 0, 2, 1, 2, 2, 2, 1, 0, 2],
[1, 1, 1, 2, 0, 1, 0, 0, 0, 0],
[1, 0, 2, 2, 1, 0, 0, 2, 2, 2],
[2, 0, 0, 1, 0, 2, 0, 0, 2, 1],
[1, 0, 2, 2, 2, 1, 0, 1, 2, 0]]),
Matrix(GF(p),[ 
[0, 0, 1, 2, 0, 2, 1, 1, 2, 0],
[0, 2, 1, 1, 2, 1, 2, 1, 1, 2],
[0, 2, 0, 2, 1, 1, 2, 1, 1, 2],
[0, 2, 0, 0, 1, 1, 0, 2, 2, 0],
[2, 2, 2, 0, 2, 1, 2, 1, 1, 1],
[2, 2, 1, 0, 1, 2, 2, 1, 1, 1],
[1, 1, 2, 1, 0, 2, 0, 1, 2, 0],
[0, 2, 2, 0, 1, 1, 1, 0, 1, 2],
[2, 2, 2, 2, 2, 1, 0, 0, 1, 1],
[1, 1, 1, 1, 2, 2, 2, 1, 2, 2]]),
Matrix(GF(p),[
[1, 1, 0, 2, 2, 2, 1, 1, 1, 0],
[2, 1, 1, 2, 1, 2, 1, 0, 2, 2],
[1, 0, 0, 0, 1, 2, 0, 2, 0, 0],
[2, 0, 2, 0, 0, 1, 0, 0, 2, 1],
[0, 1, 1, 2, 2, 0, 1, 0, 0, 1],
[2, 0, 0, 0, 2, 2, 2, 2, 1, 1],
[2, 0, 0, 1, 2, 2, 2, 1, 0, 1],
[0, 1, 2, 0, 1, 1, 2, 0, 1, 2],
[2, 0, 1, 0, 2, 2, 0, 2, 0, 0],
[1, 1, 1, 2, 0, 1, 1, 1, 0, 1]]),
Matrix(GF(p),[ 
[2, 0, 1, 1, 2, 0, 0, 2, 0, 2],
[2, 0, 1, 0, 1, 0, 0, 2, 0, 2],
[1, 1, 1, 2, 0, 0, 0, 0, 2, 2],
[1, 0, 1, 0, 2, 1, 1, 0, 0, 2],
[1, 2, 0, 0, 2, 0, 2, 2, 2, 0],
[2, 0, 2, 0, 2, 0, 0, 0, 2, 0],
[1, 2, 2, 2, 0, 1, 2, 2, 2, 0],
[2, 2, 2, 0, 1, 0, 2, 2, 2, 0],
[1, 0, 0, 2, 1, 2, 0, 2, 1, 0],
[2, 1, 1, 1, 1, 1, 0, 0, 1, 0]]),
Matrix(GF(p),[ 
[0, 2, 0, 2, 1, 1, 2, 0, 1, 1],
[1, 1, 2, 2, 2, 2, 2, 2, 1, 2],
[2, 1, 2, 0, 1, 2, 2, 0, 0, 1],
[2, 2, 1, 0, 1, 1, 2, 2, 2, 2],
[1, 2, 0, 0, 2, 2, 1, 2, 1, 0],
[2, 0, 2, 1, 1, 0, 2, 2, 1, 2],
[0, 2, 1, 2, 1, 2, 0, 1, 1, 0],
[2, 0, 2, 0, 2, 2, 0, 2, 0, 1],
[0, 0, 2, 1, 2, 2, 0, 0, 0, 2],
[1, 1, 1, 2, 0, 2, 0, 2, 2, 2]]),
Matrix(GF(p),[
[1, 2, 0, 0, 1, 1, 1, 2, 0, 1],
[1, 2, 2, 0, 1, 2, 2, 2, 0, 2],
[0, 2, 2, 2, 0, 1, 1, 0, 1, 0],
[0, 2, 1, 1, 0, 2, 1, 2, 2, 1],
[1, 1, 2, 2, 1, 0, 2, 1, 2, 1],
[2, 0, 2, 2, 2, 1, 2, 0, 2, 2],
[1, 1, 2, 2, 0, 2, 0, 1, 2, 0],
[2, 1, 1, 1, 2, 1, 2, 0, 0, 0],
[0, 0, 0, 2, 2, 2, 0, 1, 1, 0],
[0, 1, 1, 2, 0, 0, 0, 0, 1, 1]]),
Matrix(GF(p),[ 
[1, 1, 0, 2, 1, 1, 1, 0, 0, 2],
[2, 1, 0, 2, 2, 2, 1, 1, 2, 0],
[2, 1, 2, 2, 1, 2, 1, 2, 1, 1],
[2, 1, 0, 1, 0, 1, 2, 2, 2, 2],
[0, 2, 0, 1, 0, 0, 1, 1, 0, 2],
[1, 2, 1, 0, 1, 1, 0, 2, 1, 2],
[1, 1, 0, 0, 1, 2, 2, 1, 2, 2],
[2, 0, 2, 2, 0, 2, 0, 0, 0, 2],
[2, 1, 0, 0, 2, 0, 0, 2, 0, 0],
[1, 2, 1, 2, 0, 2, 1, 0, 2, 1]]),
Matrix(GF(p),[ 
[2, 1, 2, 2, 0, 0, 1, 2, 1, 2],
[0, 1, 2, 0, 1, 0, 0, 0, 2, 1],
[2, 0, 2, 2, 0, 2, 2, 0, 2, 2],
[2, 0, 1, 2, 1, 2, 1, 2, 0, 1],
[2, 2, 0, 1, 2, 1, 2, 0, 0, 2],
[0, 1, 1, 1, 1, 0, 2, 0, 0, 2],
[2, 1, 0, 2, 0, 0, 1, 2, 0, 1],
[1, 1, 2, 2, 0, 2, 2, 1, 1, 2],
[0, 2, 1, 2, 1, 2, 2, 2, 0, 0],
[0, 0, 1, 2, 2, 0, 0, 2, 0, 1]]),
Matrix(GF(p),[
[1, 2, 2, 2, 0, 2, 2, 0, 0, 2],
[1, 0, 2, 1, 2, 2, 2, 2, 0, 2],
[2, 0, 2, 2, 0, 2, 0, 0, 0, 0],
[1, 2, 1, 0, 2, 0, 1, 1, 1, 0],
[1, 2, 0, 0, 2, 1, 2, 1, 0, 0],
[1, 0, 2, 1, 2, 1, 0, 2, 2, 2],
[0, 2, 1, 1, 0, 0, 1, 1, 0, 0],
[0, 0, 2, 0, 1, 1, 0, 1, 1, 2],
[2, 2, 0, 0, 0, 1, 0, 2, 1, 0],
[2, 1, 2, 2, 1, 1, 1, 2, 1, 2]]),
Matrix(GF(p),[ 
[1, 2, 2, 1, 0, 0, 0, 1, 1, 2],
[1, 1, 0, 1, 1, 0, 0, 0, 0, 1],
[2, 2, 0, 2, 1, 1, 1, 1, 1, 2],
[1, 0, 2, 2, 1, 0, 1, 1, 2, 2],
[2, 1, 1, 1, 0, 2, 0, 0, 1, 0],
[1, 0, 2, 1, 1, 0, 0, 1, 0, 0],
[1, 2, 2, 0, 0, 0, 1, 2, 2, 1],
[1, 0, 1, 2, 0, 2, 2, 0, 1, 2],
[0, 2, 1, 2, 2, 1, 0, 0, 2, 2],
[1, 0, 2, 2, 2, 1, 0, 1, 1, 1]]),
Matrix(GF(p),[ 
[0, 0, 1, 0, 0, 0, 2, 0, 0, 0],
[2, 1, 0, 2, 0, 2, 0, 0, 0, 2],
[0, 2, 0, 2, 1, 2, 1, 0, 0, 0],
[0, 1, 0, 1, 1, 0, 0, 0, 0, 2],
[2, 2, 2, 0, 1, 1, 2, 2, 1, 2],
[2, 0, 1, 0, 0, 2, 1, 1, 1, 1],
[2, 1, 0, 0, 2, 1, 2, 1, 0, 2],
[0, 0, 1, 1, 0, 2, 0, 1, 2, 1],
[1, 0, 2, 2, 2, 1, 1, 0, 1, 2],
[2, 0, 0, 2, 1, 2, 1, 0, 1, 0]]),
Matrix(GF(p),[
[0, 1, 0, 2, 1, 2, 2, 0, 2, 0],
[0, 0, 2, 0, 0, 0, 2, 1, 0, 0],
[0, 1, 2, 1, 0, 0, 1, 0, 0, 2],
[2, 1, 2, 2, 0, 2, 0, 1, 0, 2],
[2, 1, 0, 0, 1, 2, 2, 1, 0, 0],
[2, 0, 0, 1, 0, 1, 1, 0, 0, 0],
[1, 0, 1, 1, 2, 0, 1, 0, 0, 0],
[0, 0, 0, 1, 0, 2, 0, 1, 0, 1],
[1, 0, 1, 1, 0, 2, 0, 2, 2, 1],
[0, 2, 2, 2, 1, 2, 0, 0, 0, 0]]),
Matrix(GF(p),[ 
[1, 0, 2, 0, 1, 0, 1, 1, 2, 0],
[1, 0, 1, 1, 0, 0, 2, 2, 0, 0],
[2, 0, 1, 0, 0, 1, 0, 0, 1, 2],
[1, 2, 1, 2, 0, 2, 1, 1, 2, 0],
[0, 1, 1, 0, 2, 2, 0, 0, 1, 0],
[2, 0, 1, 1, 2, 0, 1, 1, 0, 2],
[0, 1, 2, 0, 0, 1, 0, 1, 2, 2],
[1, 0, 0, 1, 0, 1, 2, 1, 1, 1],
[0, 0, 2, 1, 0, 0, 1, 1, 1, 1],
[2, 2, 0, 1, 1, 0, 0, 1, 1, 2]]),
Matrix(GF(p),[ 
[0, 0, 0, 1, 2, 1, 2, 1, 0, 0],
[2, 0, 0, 0, 1, 0, 0, 0, 0, 2],
[1, 0, 2, 0, 0, 0, 1, 2, 0, 1],
[2, 0, 1, 2, 2, 0, 0, 2, 1, 1],
[1, 1, 0, 1, 1, 1, 1, 2, 0, 1],
[1, 0, 1, 0, 2, 0, 2, 0, 1, 0],
[0, 0, 1, 1, 2, 2, 2, 2, 2, 1],
[2, 0, 2, 1, 0, 2, 2, 2, 0, 1],
[1, 1, 1, 2, 1, 0, 0, 1, 2, 0],
[0, 0, 1, 2, 2, 0, 2, 1, 1, 2]]),
Matrix(GF(p),[
[0, 2, 1, 0, 1, 0, 1, 1, 2, 1],
[2, 0, 2, 1, 1, 2, 1, 1, 2, 1],
[1, 0, 1, 2, 0, 2, 2, 2, 2, 0],
[0, 2, 0, 2, 1, 1, 2, 1, 2, 2],
[2, 2, 0, 1, 1, 0, 0, 1, 2, 1],
[1, 1, 0, 0, 0, 2, 1, 1, 0, 1],
[2, 0, 2, 1, 1, 2, 0, 0, 1, 0],
[0, 1, 0, 2, 2, 0, 2, 1, 0, 2],
[1, 0, 2, 2, 1, 2, 0, 2, 0, 0],
[0, 0, 0, 2, 1, 1, 2, 0, 0, 0]]),
Matrix(GF(p),[ 
[0, 2, 1, 0, 0, 0, 2, 0, 2, 0],
[2, 0, 1, 1, 1, 2, 1, 1, 1, 0],
[1, 0, 0, 2, 0, 1, 1, 2, 2, 0],
[0, 1, 2, 2, 2, 0, 2, 1, 2, 2],
[0, 1, 2, 0, 2, 1, 0, 1, 0, 0],
[1, 2, 1, 2, 1, 2, 2, 2, 2, 1],
[1, 1, 2, 2, 1, 2, 2, 1, 2, 1],
[0, 1, 2, 0, 0, 0, 2, 2, 1, 1],
[2, 1, 2, 1, 0, 0, 1, 2, 1, 0],
[2, 0, 1, 1, 1, 1, 1, 0, 0, 2]]),
Matrix(GF(p),[ 
[1, 2, 0, 0, 2, 2, 1, 1, 2, 1],
[0, 0, 2, 1, 2, 1, 2, 2, 2, 2],
[2, 2, 2, 0, 2, 2, 2, 0, 0, 2],
[1, 0, 0, 0, 1, 1, 0, 2, 0, 1],
[0, 2, 2, 0, 1, 2, 0, 2, 0, 1],
[1, 2, 1, 2, 2, 2, 2, 2, 0, 2],
[0, 2, 2, 1, 0, 1, 1, 0, 2, 1],
[0, 0, 2, 2, 2, 2, 2, 0, 2, 0],
[2, 1, 0, 1, 1, 2, 0, 2, 1, 1],
[1, 1, 1, 1, 1, 2, 1, 2, 2, 0]]),
Matrix(GF(p),[
[2, 0, 0, 0, 0, 2, 1, 1, 0, 2],
[2, 2, 1, 1, 2, 2, 2, 1, 0, 2],
[2, 0, 2, 2, 2, 0, 1, 2, 1, 1],
[0, 2, 1, 2, 1, 1, 1, 2, 1, 2],
[0, 2, 2, 1, 1, 2, 2, 2, 0, 2],
[0, 0, 0, 0, 2, 0, 1, 0, 1, 2],
[1, 2, 0, 2, 2, 2, 2, 2, 2, 2],
[1, 1, 2, 2, 2, 1, 0, 2, 2, 1],
[0, 2, 2, 2, 1, 2, 1, 1, 0, 0],
[1, 1, 1, 2, 2, 0, 1, 1, 0, 2]]),
Matrix(GF(p),[ 
[0, 1, 2, 0, 2, 2, 0, 1, 1, 1],
[0, 2, 2, 2, 0, 1, 0, 2, 2, 2],
[1, 2, 1, 2, 0, 0, 2, 0, 1, 1],
[0, 1, 0, 2, 0, 0, 2, 0, 0, 0],
[0, 1, 2, 0, 1, 2, 0, 0, 1, 0],
[0, 0, 2, 2, 2, 2, 0, 0, 1, 0],
[1, 2, 0, 0, 0, 1, 0, 1, 2, 2],
[0, 1, 2, 2, 2, 1, 0, 2, 1, 1],
[2, 0, 1, 2, 2, 0, 2, 2, 1, 2],
[2, 0, 2, 0, 0, 0, 1, 2, 0, 2]]),
Matrix(GF(p),[ 
[0, 0, 2, 2, 0, 1, 1, 2, 2, 2],
[1, 1, 0, 0, 0, 2, 2, 1, 2, 2],
[1, 0, 2, 2, 0, 1, 0, 2, 1, 2],
[1, 2, 0, 2, 1, 2, 2, 1, 0, 2],
[0, 2, 0, 1, 0, 1, 0, 1, 0, 0],
[1, 0, 1, 2, 1, 2, 1, 1, 1, 2],
[2, 2, 1, 1, 0, 0, 1, 2, 2, 2],
[1, 1, 0, 1, 1, 1, 0, 2, 2, 2],
[2, 0, 0, 0, 0, 0, 2, 1, 2, 2],
[0, 1, 0, 0, 1, 1, 1, 2, 1, 0]]),
Matrix(GF(p),[
[2, 2, 0, 1, 2, 2, 2, 0, 1, 0],
[2, 1, 1, 2, 1, 2, 2, 2, 0, 2],
[0, 0, 2, 1, 2, 1, 0, 0, 1, 2],
[2, 0, 1, 1, 1, 1, 2, 1, 2, 1],
[0, 1, 2, 0, 0, 1, 2, 0, 1, 2],
[2, 2, 1, 1, 0, 2, 0, 2, 1, 0],
[2, 1, 2, 1, 0, 0, 0, 1, 2, 1],
[0, 1, 2, 0, 0, 1, 2, 2, 0, 1],
[1, 0, 1, 0, 0, 0, 1, 0, 1, 2],
[2, 2, 2, 2, 2, 1, 0, 1, 1, 0]]),
Matrix(GF(p),[ 
[1, 2, 0, 0, 0, 0, 0, 0, 2, 1],
[2, 1, 1, 2, 1, 1, 2, 2, 0, 1],
[1, 0, 2, 1, 2, 2, 2, 1, 2, 0],
[0, 1, 2, 0, 1, 2, 2, 0, 2, 2],
[0, 2, 0, 1, 2, 0, 0, 2, 1, 2],
[2, 2, 2, 2, 1, 0, 2, 1, 1, 1],
[2, 2, 1, 2, 0, 1, 1, 1, 0, 0],
[0, 1, 1, 1, 1, 0, 0, 0, 1, 1],
[1, 1, 2, 0, 2, 1, 2, 1, 1, 0],
[2, 2, 0, 1, 2, 2, 2, 2, 2, 0],
])]
A2 =[Matrix(GF(p),[
[1, 0, 2, 0, 1, 1, 1, 1, 1, 0],
[2, 1, 2, 0, 1, 2, 1, 0, 1, 2],
[2, 0, 2, 2, 2, 2, 1, 0, 0, 2],
[0, 0, 2, 1, 0, 0, 1, 1, 0, 2],
[1, 0, 1, 0, 2, 2, 1, 2, 1, 1],
[0, 1, 0, 2, 0, 1, 1, 2, 0, 2],
[2, 0, 1, 1, 2, 2, 2, 1, 2, 2],
[2, 2, 2, 0, 1, 1, 1, 1, 2, 1],
[1, 2, 0, 1, 2, 2, 2, 2, 0, 0],
[1, 0, 1, 1, 2, 0, 1, 1, 0, 2]]),
Matrix(GF(p),[ 
[0, 1, 2, 2, 2, 0, 1, 0, 1, 1],
[0, 1, 2, 1, 0, 2, 0, 2, 0, 0],
[1, 2, 0, 0, 1, 0, 1, 0, 1, 1],
[1, 2, 0, 0, 1, 1, 1, 2, 1, 0],
[0, 0, 1, 2, 2, 2, 0, 2, 0, 2],
[1, 2, 2, 1, 2, 2, 2, 0, 0, 0],
[0, 0, 2, 1, 2, 1, 0, 2, 1, 2],
[1, 0, 2, 0, 2, 1, 1, 2, 2, 2],
[1, 1, 0, 1, 0, 0, 1, 1, 1, 1],
[0, 2, 0, 0, 1, 2, 2, 0, 1, 1]]),
Matrix(GF(p),[ 
[2, 2, 1, 0, 2, 0, 1, 0, 2, 1],
[2, 1, 2, 1, 2, 1, 2, 2, 2, 0],
[1, 0, 2, 0, 2, 2, 0, 0, 1, 2],
[2, 1, 0, 0, 0, 0, 2, 1, 0, 2],
[2, 2, 2, 0, 2, 0, 1, 1, 1, 0],
[1, 2, 0, 0, 1, 0, 0, 0, 1, 0],
[2, 2, 0, 2, 2, 2, 0, 1, 2, 1],
[0, 1, 1, 2, 0, 0, 2, 1, 2, 2],
[1, 1, 0, 0, 2, 2, 2, 2, 2, 0],
[0, 1, 0, 1, 2, 0, 0, 0, 2, 2]]),
Matrix(GF(p),[
[2, 2, 0, 1, 1, 0, 1, 1, 1, 1],
[1, 2, 1, 2, 0, 1, 2, 1, 2, 0],
[2, 2, 2, 0, 1, 2, 2, 0, 2, 2],
[0, 0, 0, 0, 0, 0, 0, 0, 1, 1],
[1, 1, 2, 1, 2, 2, 1, 2, 0, 1],
[0, 1, 2, 2, 0, 0, 1, 1, 2, 1],
[0, 1, 2, 0, 2, 1, 2, 2, 2, 1],
[2, 2, 2, 0, 1, 2, 0, 0, 2, 0],
[0, 0, 1, 0, 2, 2, 0, 1, 0, 0],
[1, 0, 0, 0, 0, 0, 2, 2, 0, 1]]),
Matrix(GF(p),[ 
[1, 2, 0, 1, 1, 2, 2, 1, 0, 2],
[2, 2, 2, 0, 1, 0, 1, 0, 0, 1],
[2, 1, 2, 1, 0, 1, 1, 2, 2, 2],
[1, 0, 2, 2, 1, 1, 2, 2, 1, 1],
[0, 1, 0, 1, 0, 1, 0, 0, 1, 2],
[1, 0, 1, 1, 2, 2, 2, 0, 2, 0],
[0, 1, 0, 0, 0, 0, 2, 0, 1, 0],
[2, 1, 0, 1, 2, 0, 2, 2, 2, 2],
[2, 0, 0, 2, 2, 2, 1, 1, 0, 2],
[1, 1, 1, 0, 2, 2, 0, 2, 2, 1]]),
Matrix(GF(p),[ 
[0, 0, 2, 1, 0, 0, 1, 0, 1, 2],
[1, 2, 1, 1, 2, 1, 0, 2, 0, 2],
[1, 0, 1, 2, 1, 0, 1, 1, 1, 0],
[2, 1, 2, 1, 1, 1, 2, 2, 2, 1],
[1, 1, 1, 1, 0, 1, 0, 0, 0, 0],
[1, 0, 0, 2, 0, 2, 0, 0, 2, 2],
[2, 1, 0, 2, 2, 0, 2, 1, 2, 1],
[0, 0, 0, 0, 0, 1, 2, 2, 2, 0],
[0, 1, 1, 2, 1, 2, 2, 2, 2, 2],
[1, 0, 0, 2, 0, 1, 2, 0, 1, 1]]),
Matrix(GF(p),[
[1, 0, 2, 1, 1, 2, 2, 1, 2, 2],
[0, 1, 0, 1, 1, 1, 0, 2, 1, 1],
[0, 1, 2, 0, 0, 0, 0, 0, 2, 2],
[0, 2, 0, 1, 1, 1, 2, 1, 0, 0],
[0, 0, 1, 2, 2, 0, 1, 2, 0, 1],
[2, 0, 1, 2, 0, 1, 1, 0, 2, 2],
[2, 2, 0, 1, 2, 0, 1, 0, 1, 0],
[2, 1, 0, 0, 0, 0, 1, 2, 0, 0],
[0, 1, 1, 0, 1, 2, 2, 0, 1, 1],
[0, 1, 0, 0, 2, 1, 1, 1, 0, 2]]),
Matrix(GF(p),[ 
[0, 0, 2, 1, 1, 0, 1, 0, 1, 1],
[2, 0, 2, 1, 1, 1, 0, 0, 2, 2],
[1, 0, 1, 2, 1, 1, 1, 0, 0, 0],
[1, 2, 0, 2, 2, 0, 1, 2, 0, 2],
[2, 2, 1, 0, 2, 2, 0, 2, 1, 2],
[1, 1, 1, 2, 1, 2, 2, 1, 2, 1],
[1, 0, 2, 1, 0, 0, 1, 0, 1, 0],
[0, 2, 1, 0, 1, 1, 2, 1, 2, 2],
[2, 2, 0, 1, 2, 0, 0, 2, 2, 0],
[1, 1, 0, 1, 1, 2, 2, 0, 0, 2]]),
Matrix(GF(p),[ 
[0, 0, 1, 2, 1, 0, 0, 1, 0, 1],
[0, 0, 2, 2, 1, 2, 2, 2, 2, 2],
[0, 2, 2, 2, 1, 1, 0, 1, 0, 1],
[2, 0, 0, 2, 1, 0, 2, 2, 1, 2],
[2, 2, 2, 2, 2, 0, 0, 2, 2, 0],
[1, 0, 0, 2, 0, 1, 0, 0, 0, 0],
[0, 2, 0, 1, 0, 1, 1, 1, 0, 2],
[0, 0, 1, 2, 2, 2, 1, 1, 2, 1],
[2, 0, 0, 2, 1, 2, 0, 1, 1, 1],
[2, 0, 2, 0, 2, 1, 2, 1, 2, 1]]),
Matrix(GF(p),[
[1, 2, 0, 1, 0, 1, 1, 2, 1, 0],
[0, 0, 1, 2, 0, 1, 2, 2, 0, 2],
[0, 2, 2, 2, 0, 1, 1, 1, 0, 0],
[0, 1, 1, 2, 2, 2, 0, 1, 2, 1],
[0, 2, 0, 2, 2, 1, 2, 1, 1, 0],
[1, 1, 1, 1, 0, 1, 2, 0, 1, 2],
[0, 0, 1, 1, 2, 1, 1, 1, 0, 1],
[2, 2, 0, 0, 2, 1, 0, 2, 0, 1],
[0, 0, 1, 0, 0, 0, 1, 2, 2, 2],
[0, 0, 0, 2, 2, 2, 0, 1, 1, 0]]),
Matrix(GF(p),[ 
[0, 1, 2, 0, 0, 1, 1, 0, 0, 2],
[2, 1, 2, 2, 0, 1, 1, 0, 1, 0],
[0, 2, 2, 2, 0, 0, 1, 2, 2, 2],
[1, 2, 2, 0, 0, 2, 2, 0, 0, 1],
[1, 1, 2, 0, 0, 2, 0, 0, 0, 0],
[2, 2, 2, 2, 1, 1, 2, 0, 1, 1],
[1, 2, 2, 0, 1, 1, 2, 2, 0, 2],
[0, 2, 0, 1, 2, 2, 0, 0, 0, 0],
[1, 0, 2, 1, 0, 1, 0, 0, 0, 2],
[2, 0, 1, 0, 1, 2, 1, 2, 2, 1]]),
Matrix(GF(p),[ 
[2, 1, 0, 2, 1, 1, 2, 2, 2, 0],
[1, 1, 2, 0, 2, 1, 1, 2, 0, 2],
[0, 1, 2, 0, 1, 0, 1, 2, 0, 1],
[2, 0, 1, 1, 2, 0, 1, 2, 0, 1],
[2, 1, 2, 1, 0, 1, 1, 1, 1, 2],
[2, 2, 2, 2, 2, 0, 1, 0, 0, 2],
[2, 2, 1, 0, 2, 1, 1, 0, 1, 2],
[2, 1, 1, 2, 2, 0, 0, 1, 0, 2],
[1, 0, 1, 0, 2, 1, 1, 2, 0, 2],
[1, 2, 2, 2, 2, 0, 0, 0, 2, 2]]),
Matrix(GF(p),[
[0, 1, 1, 2, 2, 0, 0, 0, 0, 0],
[0, 1, 1, 1, 0, 2, 2, 1, 1, 2],
[2, 1, 0, 2, 2, 1, 2, 2, 0, 1],
[0, 0, 2, 2, 0, 0, 1, 2, 1, 0],
[1, 2, 2, 0, 2, 2, 2, 0, 0, 0],
[0, 2, 0, 2, 1, 0, 2, 1, 1, 2],
[2, 0, 1, 2, 1, 1, 0, 0, 0, 0],
[0, 2, 2, 2, 0, 0, 2, 1, 1, 2],
[2, 2, 2, 2, 2, 0, 1, 1, 0, 1],
[1, 0, 1, 2, 2, 2, 0, 0, 0, 2]]),
Matrix(GF(p),[ 
[2, 0, 0, 0, 1, 0, 1, 1, 0, 2],
[0, 2, 0, 0, 0, 0, 1, 2, 1, 1],
[0, 0, 1, 2, 0, 0, 2, 2, 2, 1],
[2, 0, 2, 2, 2, 2, 2, 1, 1, 1],
[2, 0, 2, 0, 1, 0, 0, 1, 2, 2],
[0, 1, 0, 0, 2, 1, 2, 0, 2, 0],
[0, 0, 1, 2, 1, 1, 0, 2, 2, 2],
[0, 2, 1, 1, 0, 0, 0, 2, 1, 1],
[1, 1, 0, 1, 0, 0, 2, 2, 1, 1],
[2, 0, 2, 1, 2, 1, 0, 2, 0, 2]]),
Matrix(GF(p),[ 
[1, 1, 2, 0, 2, 1, 1, 2, 2, 0],
[0, 1, 0, 0, 1, 1, 1, 0, 2, 0],
[2, 2, 0, 1, 0, 2, 2, 1, 0, 1],
[1, 2, 2, 2, 0, 1, 1, 0, 1, 0],
[2, 0, 1, 0, 1, 0, 2, 2, 1, 0],
[2, 0, 1, 1, 0, 0, 2, 1, 1, 1],
[2, 2, 1, 2, 2, 2, 2, 2, 1, 2],
[0, 1, 0, 0, 2, 0, 1, 1, 2, 2],
[1, 0, 1, 1, 0, 2, 2, 0, 0, 1],
[0, 0, 0, 1, 1, 2, 2, 1, 0, 2]]),
Matrix(GF(p),[
[2, 2, 1, 1, 2, 1, 1, 1, 2, 2],
[1, 2, 2, 2, 0, 1, 0, 0, 0, 0],
[0, 2, 0, 0, 2, 2, 2, 1, 1, 2],
[2, 1, 0, 0, 2, 1, 0, 0, 1, 0],
[1, 2, 2, 1, 1, 1, 0, 2, 0, 2],
[2, 1, 1, 0, 0, 0, 0, 0, 2, 2],
[0, 0, 1, 2, 0, 2, 2, 2, 1, 1],
[0, 0, 2, 1, 0, 0, 2, 2, 2, 1],
[2, 1, 1, 0, 2, 1, 1, 1, 2, 2],
[0, 2, 2, 2, 1, 0, 2, 2, 0, 2]]),
Matrix(GF(p),[ 
[1, 2, 1, 0, 1, 1, 1, 0, 2, 2],
[0, 0, 2, 2, 0, 0, 1, 0, 0, 2],
[2, 1, 0, 0, 0, 1, 2, 1, 2, 1],
[0, 2, 2, 1, 0, 2, 2, 1, 0, 2],
[1, 2, 2, 2, 0, 1, 0, 0, 1, 1],
[2, 1, 2, 0, 0, 1, 2, 1, 0, 1],
[0, 0, 2, 1, 0, 1, 0, 1, 1, 2],
[0, 1, 0, 2, 2, 1, 1, 0, 0, 0],
[2, 2, 0, 1, 2, 1, 2, 1, 0, 0],
[1, 1, 2, 0, 1, 1, 0, 0, 0, 1]]),
Matrix(GF(p),[ 
[1, 0, 0, 0, 2, 0, 1, 0, 2, 0],
[0, 0, 2, 0, 0, 0, 2, 0, 2, 1],
[1, 0, 1, 2, 1, 1, 2, 0, 2, 0],
[2, 2, 2, 1, 1, 0, 0, 1, 2, 1],
[2, 0, 0, 0, 1, 0, 1, 0, 1, 2],
[1, 2, 1, 0, 1, 1, 0, 0, 0, 1],
[2, 0, 2, 1, 2, 1, 1, 1, 1, 1],
[1, 2, 2, 2, 1, 0, 0, 2, 2, 1],
[2, 1, 1, 0, 1, 0, 0, 0, 0, 0],
[2, 0, 1, 0, 1, 1, 1, 1, 1, 2]]),
Matrix(GF(p),[
[1, 2, 2, 0, 2, 2, 2, 1, 0, 2],
[1, 0, 2, 0, 2, 2, 0, 0, 2, 1],
[1, 1, 0, 2, 0, 0, 0, 0, 1, 2],
[1, 1, 2, 0, 2, 0, 2, 1, 2, 1],
[2, 0, 0, 2, 2, 2, 2, 1, 2, 2],
[2, 1, 1, 1, 2, 1, 0, 0, 2, 0],
[1, 1, 0, 0, 2, 0, 0, 1, 1, 1],
[1, 0, 0, 2, 0, 2, 2, 0, 2, 2],
[0, 0, 1, 2, 2, 1, 2, 2, 1, 1],
[2, 2, 0, 2, 2, 2, 0, 0, 2, 1]]),
Matrix(GF(p),[ 
[1, 1, 1, 2, 2, 0, 1, 1, 0, 2],
[0, 1, 0, 1, 0, 2, 1, 2, 1, 2],
[0, 2, 2, 2, 0, 0, 0, 0, 0, 2],
[2, 2, 2, 1, 2, 0, 0, 2, 0, 0],
[2, 0, 2, 1, 2, 2, 0, 1, 2, 0],
[1, 0, 0, 1, 2, 1, 1, 1, 2, 1],
[1, 1, 0, 0, 1, 1, 0, 2, 1, 1],
[0, 2, 2, 1, 2, 1, 0, 2, 2, 2],
[1, 0, 0, 2, 2, 0, 2, 2, 2, 0],
[0, 2, 0, 1, 1, 0, 0, 1, 2, 0]]),
Matrix(GF(p),[ 
[2, 1, 0, 1, 2, 0, 2, 1, 0, 1],
[1, 1, 0, 0, 1, 2, 2, 1, 1, 0],
[1, 1, 0, 2, 2, 1, 0, 0, 0, 2],
[2, 2, 0, 2, 2, 1, 0, 0, 0, 2],
[1, 1, 2, 2, 0, 0, 0, 1, 0, 2],
[1, 0, 1, 1, 1, 0, 1, 2, 2, 0],
[2, 0, 2, 0, 1, 0, 1, 2, 0, 0],
[0, 1, 2, 2, 2, 2, 0, 1, 2, 1],
[2, 1, 1, 2, 2, 1, 1, 0, 0, 1],
[0, 2, 2, 2, 2, 1, 0, 0, 2, 2]]),
Matrix(GF(p),[
[0, 1, 2, 0, 1, 1, 2, 2, 1, 1],
[1, 1, 2, 2, 2, 1, 2, 2, 0, 0],
[0, 0, 0, 1, 0, 1, 1, 0, 2, 2],
[2, 0, 0, 2, 2, 2, 1, 2, 2, 2],
[0, 2, 0, 2, 1, 0, 0, 0, 2, 2],
[0, 0, 0, 2, 0, 0, 1, 0, 1, 0],
[0, 0, 2, 2, 0, 1, 1, 0, 0, 1],
[0, 2, 2, 0, 1, 0, 2, 2, 0, 2],
[1, 0, 2, 2, 0, 2, 0, 0, 0, 0],
[1, 0, 1, 0, 2, 0, 2, 1, 1, 0]]),
Matrix(GF(p),[ 
[0, 1, 2, 1, 0, 0, 0, 0, 0, 1],
[2, 0, 0, 1, 1, 2, 0, 0, 1, 0],
[2, 0, 0, 1, 2, 2, 1, 1, 1, 0],
[1, 0, 1, 0, 2, 2, 2, 2, 0, 2],
[2, 0, 2, 2, 0, 0, 2, 0, 0, 1],
[0, 1, 1, 1, 1, 0, 1, 2, 0, 0],
[2, 1, 0, 0, 1, 1, 0, 2, 1, 2],
[0, 1, 0, 2, 1, 1, 0, 0, 0, 2],
[2, 1, 2, 0, 2, 2, 2, 2, 2, 1],
[1, 0, 0, 1, 1, 1, 1, 0, 2, 2]]),
Matrix(GF(p),[ 
[1, 2, 0, 2, 1, 0, 2, 1, 0, 0],
[1, 1, 2, 2, 1, 0, 2, 1, 1, 2],
[1, 2, 0, 2, 0, 0, 0, 0, 2, 1],
[2, 0, 0, 1, 0, 1, 1, 0, 0, 0],
[1, 0, 1, 0, 1, 2, 1, 0, 0, 0],
[2, 1, 2, 0, 0, 1, 0, 0, 0, 1],
[1, 0, 0, 0, 2, 2, 1, 1, 2, 0],
[1, 1, 2, 1, 1, 1, 1, 2, 0, 2],
[0, 1, 2, 2, 0, 1, 1, 0, 2, 2],
[0, 2, 1, 1, 1, 0, 1, 0, 1, 2]]),
Matrix(GF(p),[
[1, 1, 0, 2, 2, 1, 0, 1, 2, 0],
[2, 1, 1, 1, 2, 0, 1, 2, 0, 1],
[0, 0, 1, 0, 0, 1, 0, 1, 2, 1],
[1, 1, 0, 1, 1, 1, 2, 0, 0, 2],
[2, 1, 0, 1, 0, 1, 2, 1, 1, 1],
[2, 1, 0, 1, 1, 0, 0, 2, 0, 1],
[1, 0, 2, 2, 1, 1, 0, 1, 0, 0],
[0, 1, 0, 0, 2, 2, 1, 1, 2, 2],
[2, 2, 2, 0, 1, 0, 0, 2, 2, 0],
[1, 0, 1, 2, 2, 2, 2, 2, 0, 0]]),
Matrix(GF(p),[ 
[2, 1, 1, 2, 1, 0, 0, 2, 1, 2],
[2, 2, 2, 2, 0, 2, 2, 0, 0, 0],
[1, 2, 2, 0, 2, 2, 2, 0, 1, 1],
[0, 2, 1, 0, 1, 0, 2, 1, 0, 2],
[0, 0, 0, 2, 0, 0, 1, 1, 2, 2],
[1, 2, 1, 2, 1, 0, 0, 1, 0, 0],
[0, 1, 1, 1, 0, 2, 1, 2, 0, 2],
[2, 0, 2, 2, 2, 1, 1, 2, 2, 1],
[1, 2, 2, 2, 2, 0, 1, 1, 1, 0],
[0, 2, 1, 2, 1, 1, 2, 2, 2, 2]]),
Matrix(GF(p),[ 
[2, 1, 2, 1, 2, 0, 0, 0, 0, 2],
[1, 0, 1, 1, 2, 0, 1, 0, 2, 0],
[2, 1, 1, 0, 2, 1, 1, 0, 0, 1],
[1, 1, 0, 1, 2, 2, 0, 0, 1, 2],
[1, 0, 1, 2, 2, 0, 1, 0, 0, 0],
[1, 2, 1, 0, 2, 1, 2, 1, 0, 1],
[0, 0, 1, 2, 0, 1, 1, 0, 2, 1],
[1, 2, 1, 2, 0, 2, 0, 2, 2, 2],
[2, 2, 0, 0, 0, 0, 2, 2, 0, 1],
[2, 2, 0, 2, 2, 2, 2, 2, 1, 2]]),
Matrix(GF(p),[
[2, 2, 2, 2, 0, 2, 1, 0, 2, 0],
[1, 0, 1, 0, 1, 2, 0, 1, 0, 0],
[1, 1, 2, 0, 1, 0, 0, 2, 0, 1],
[0, 0, 0, 1, 2, 1, 2, 1, 0, 0],
[2, 1, 1, 1, 1, 0, 1, 1, 2, 2],
[0, 0, 1, 1, 2, 0, 2, 2, 0, 1],
[1, 1, 0, 0, 0, 0, 1, 1, 0, 1],
[2, 2, 0, 2, 2, 0, 2, 0, 1, 0],
[0, 2, 0, 1, 0, 1, 2, 2, 2, 0],
[1, 0, 0, 2, 2, 1, 0, 2, 2, 2]]),
Matrix(GF(p),[ 
[1, 1, 1, 1, 0, 0, 1, 2, 2, 1],
[0, 2, 2, 2, 0, 0, 2, 2, 0, 2],
[2, 1, 0, 0, 1, 2, 0, 2, 0, 0],
[2, 0, 2, 0, 0, 1, 0, 0, 0, 1],
[1, 1, 2, 1, 0, 0, 2, 0, 2, 2],
[0, 1, 2, 2, 0, 0, 1, 0, 2, 1],
[2, 2, 0, 1, 1, 2, 0, 1, 1, 2],
[1, 2, 2, 0, 2, 2, 1, 1, 1, 2],
[2, 2, 0, 1, 0, 0, 0, 1, 2, 2],
[1, 1, 2, 0, 2, 1, 1, 0, 1, 0]]),
Matrix(GF(p),[ 
[1, 0, 1, 2, 0, 0, 2, 0, 1, 2],
[1, 2, 0, 1, 2, 1, 1, 0, 1, 1],
[1, 1, 0, 0, 1, 0, 2, 0, 0, 2],
[1, 2, 1, 2, 1, 2, 0, 2, 1, 1],
[2, 1, 1, 2, 1, 0, 1, 2, 0, 1],
[1, 1, 2, 0, 1, 1, 0, 0, 2, 0],
[2, 2, 0, 1, 2, 1, 0, 2, 1, 2],
[2, 0, 2, 0, 2, 1, 1, 0, 2, 0],
[0, 0, 0, 0, 2, 1, 1, 2, 1, 1],
[0, 0, 0, 1, 0, 0, 1, 1, 0, 0]]),
Matrix(GF(p),[
[0, 1, 0, 2, 1, 1, 1, 1, 1, 0],
[0, 1, 1, 2, 0, 1, 1, 2, 2, 1],
[1, 2, 2, 2, 0, 2, 1, 0, 0, 0],
[2, 2, 0, 2, 0, 0, 2, 2, 2, 1],
[1, 2, 2, 0, 2, 1, 1, 0, 1, 0],
[1, 2, 0, 1, 2, 1, 1, 1, 2, 0],
[1, 1, 0, 1, 2, 0, 0, 2, 1, 1],
[2, 0, 0, 1, 0, 2, 1, 2, 0, 2],
[2, 2, 1, 2, 2, 0, 2, 1, 2, 2],
[1, 2, 0, 2, 2, 0, 2, 1, 0, 0]]),
Matrix(GF(p),[ 
[1, 2, 2, 0, 1, 0, 0, 0, 1, 1],
[1, 1, 0, 0, 2, 2, 0, 2, 1, 1],
[1, 0, 1, 1, 1, 0, 2, 0, 2, 1],
[0, 2, 2, 0, 2, 1, 0, 0, 1, 2],
[0, 0, 1, 1, 1, 0, 1, 1, 0, 0],
[0, 2, 1, 2, 1, 1, 0, 1, 2, 0],
[1, 1, 2, 1, 2, 1, 0, 0, 2, 2],
[0, 0, 0, 2, 2, 0, 1, 0, 2, 2],
[1, 1, 2, 0, 1, 0, 1, 0, 0, 2],
[2, 1, 1, 2, 2, 0, 2, 0, 2, 1]]),
Matrix(GF(p),[ 
[1, 0, 0, 0, 0, 2, 0, 1, 1, 0],
[1, 2, 0, 0, 0, 1, 2, 0, 2, 0],
[2, 2, 2, 1, 0, 1, 0, 2, 0, 2],
[0, 1, 2, 1, 0, 0, 0, 1, 1, 0],
[1, 1, 2, 0, 2, 1, 1, 1, 1, 1],
[2, 1, 0, 2, 2, 1, 0, 0, 1, 2],
[1, 2, 2, 2, 1, 0, 1, 0, 0, 2],
[2, 2, 0, 2, 0, 2, 2, 2, 1, 0],
[1, 0, 1, 1, 1, 0, 0, 1, 0, 1],
[1, 1, 1, 1, 2, 0, 0, 0, 1, 0]]),
Matrix(GF(p),[
[2, 2, 0, 2, 0, 2, 1, 0, 0, 0],
[2, 1, 1, 2, 1, 1, 0, 2, 0, 1],
[0, 2, 0, 1, 1, 0, 1, 2, 1, 1],
[2, 1, 1, 2, 1, 2, 0, 2, 1, 0],
[0, 2, 1, 0, 1, 1, 2, 0, 0, 2],
[2, 1, 0, 2, 1, 2, 2, 1, 1, 1],
[1, 1, 1, 1, 2, 0, 0, 0, 0, 1],
[1, 0, 0, 2, 2, 2, 2, 1, 1, 1],
[1, 0, 0, 0, 0, 0, 2, 1, 1, 0],
[0, 2, 1, 1, 0, 1, 1, 2, 2, 2]]),
Matrix(GF(p),[ 
[2, 0, 2, 1, 1, 2, 2, 1, 0, 2],
[0, 2, 2, 2, 1, 2, 0, 2, 2, 0],
[2, 1, 0, 2, 0, 2, 2, 1, 0, 0],
[1, 0, 1, 2, 0, 0, 1, 0, 2, 1],
[2, 2, 1, 2, 2, 2, 0, 0, 2, 0],
[1, 0, 0, 0, 0, 2, 0, 0, 1, 2],
[2, 1, 0, 1, 1, 2, 2, 2, 1, 2],
[1, 0, 2, 0, 1, 0, 1, 0, 0, 0],
[1, 1, 0, 1, 0, 2, 0, 2, 1, 2],
[0, 1, 1, 0, 1, 1, 2, 1, 2, 1]]),
Matrix(GF(p),[ 
[0, 2, 1, 2, 1, 0, 1, 2, 0, 0],
[2, 2, 0, 1, 2, 1, 0, 1, 1, 1],
[2, 1, 2, 2, 2, 1, 1, 2, 1, 1],
[2, 0, 1, 2, 2, 1, 2, 0, 1, 1],
[1, 0, 0, 1, 2, 0, 1, 1, 1, 0],
[1, 2, 1, 2, 2, 2, 0, 1, 2, 1],
[1, 0, 1, 0, 1, 2, 0, 2, 2, 2],
[1, 0, 2, 0, 2, 1, 1, 0, 1, 1],
[2, 0, 2, 2, 1, 2, 2, 2, 0, 1],
[0, 0, 0, 2, 1, 0, 2, 1, 2, 0]]),
Matrix(GF(p),[
[0, 1, 2, 2, 1, 1, 2, 2, 2, 2],
[2, 0, 2, 0, 1, 0, 2, 0, 2, 0],
[2, 1, 2, 0, 1, 0, 1, 1, 2, 1],
[1, 0, 2, 1, 1, 2, 0, 1, 0, 0],
[0, 1, 2, 1, 0, 2, 1, 2, 2, 0],
[0, 2, 0, 1, 0, 1, 0, 1, 0, 0],
[1, 0, 1, 0, 1, 2, 0, 0, 1, 2],
[0, 0, 0, 2, 0, 2, 1, 1, 1, 2],
[0, 2, 2, 1, 2, 2, 1, 1, 2, 1],
[1, 0, 2, 2, 1, 2, 1, 0, 1, 2]]),
Matrix(GF(p),[ 
[0, 1, 0, 0, 2, 1, 1, 1, 1, 1],
[0, 2, 1, 0, 0, 0, 2, 2, 0, 2],
[2, 0, 2, 1, 2, 2, 1, 0, 0, 1],
[2, 2, 1, 1, 2, 1, 2, 2, 0, 0],
[1, 2, 1, 0, 0, 1, 2, 1, 2, 1],
[1, 0, 1, 1, 1, 2, 2, 2, 0, 2],
[0, 1, 1, 1, 1, 2, 1, 1, 1, 1],
[1, 0, 2, 2, 2, 2, 1, 1, 2, 2],
[2, 0, 0, 2, 2, 1, 1, 0, 1, 2],
[0, 1, 0, 2, 0, 0, 0, 1, 1, 1]]),
Matrix(GF(p),[ 
[1, 0, 1, 2, 2, 1, 0, 2, 1, 0],
[1, 2, 1, 2, 0, 0, 0, 2, 0, 2],
[0, 2, 0, 1, 1, 1, 1, 2, 1, 1],
[0, 0, 1, 1, 2, 1, 0, 2, 0, 2],
[2, 2, 0, 2, 2, 0, 1, 2, 1, 1],
[1, 2, 2, 0, 1, 1, 0, 2, 1, 1],
[2, 1, 0, 2, 2, 1, 1, 2, 2, 0],
[1, 2, 0, 0, 0, 2, 1, 0, 1, 2],
[0, 0, 2, 1, 2, 2, 1, 2, 0, 1],
[1, 2, 1, 0, 0, 1, 1, 0, 2, 1]]),
Matrix(GF(p),[
[0, 0, 0, 0, 2, 0, 1, 0, 2, 0],
[0, 0, 0, 1, 2, 2, 0, 1, 2, 1],
[1, 2, 1, 0, 0, 2, 2, 1, 1, 1],
[0, 1, 1, 1, 0, 0, 0, 0, 1, 1],
[0, 0, 0, 0, 0, 2, 1, 1, 2, 2],
[2, 2, 2, 1, 2, 1, 1, 2, 1, 0],
[0, 1, 2, 0, 1, 1, 1, 2, 0, 2],
[2, 2, 2, 0, 0, 0, 1, 1, 0, 1],
[0, 2, 0, 1, 1, 0, 0, 0, 2, 0],
[2, 0, 0, 1, 2, 0, 1, 0, 2, 2]]),
Matrix(GF(p),[ 
[2, 0, 1, 1, 2, 0, 0, 1, 1, 1],
[2, 2, 0, 2, 0, 0, 0, 2, 0, 1],
[1, 1, 2, 2, 0, 0, 1, 0, 1, 0],
[0, 1, 2, 0, 0, 0, 0, 2, 2, 0],
[0, 0, 1, 2, 2, 2, 0, 2, 2, 2],
[1, 0, 0, 1, 0, 0, 0, 1, 0, 1],
[0, 1, 2, 1, 1, 2, 2, 2, 0, 1],
[0, 0, 1, 2, 0, 2, 0, 0, 1, 0],
[0, 1, 0, 0, 2, 1, 2, 0, 1, 1],
[1, 0, 0, 0, 2, 2, 0, 2, 2, 2]]),
Matrix(GF(p),[ 
[0, 0, 2, 0, 0, 1, 2, 2, 0, 2],
[1, 1, 0, 2, 2, 0, 1, 0, 2, 0],
[1, 0, 1, 1, 1, 0, 2, 2, 2, 1],
[0, 1, 1, 2, 0, 2, 0, 1, 0, 0],
[0, 1, 0, 1, 0, 2, 2, 1, 2, 0],
[0, 1, 2, 0, 0, 0, 1, 0, 2, 2],
[0, 2, 0, 0, 1, 2, 2, 2, 0, 1],
[1, 1, 0, 0, 1, 2, 2, 1, 2, 0],
[0, 1, 0, 0, 0, 0, 1, 0, 2, 2],
[0, 1, 0, 0, 1, 2, 2, 1, 2, 1]]),
Matrix(GF(p),[
[1, 1, 2, 2, 0, 1, 1, 0, 0, 1],
[0, 0, 1, 0, 2, 1, 1, 0, 0, 1],
[0, 1, 1, 2, 0, 0, 1, 0, 1, 2],
[2, 0, 1, 2, 2, 2, 1, 0, 0, 1],
[0, 1, 1, 1, 2, 1, 0, 0, 1, 1],
[2, 2, 1, 1, 1, 0, 1, 0, 1, 0],
[1, 0, 2, 1, 2, 2, 1, 1, 2, 1],
[1, 1, 1, 0, 0, 2, 1, 1, 1, 2],
[0, 0, 1, 0, 1, 0, 0, 0, 1, 1],
[0, 0, 1, 2, 0, 2, 2, 0, 1, 1]]),
Matrix(GF(p),[ 
[2, 2, 2, 2, 1, 0, 1, 1, 0, 2],
[0, 2, 2, 1, 2, 0, 0, 0, 1, 0],
[1, 0, 1, 1, 2, 2, 2, 2, 2, 2],
[2, 2, 0, 1, 2, 2, 0, 2, 1, 1],
[1, 2, 1, 1, 2, 0, 2, 0, 0, 2],
[1, 1, 2, 1, 2, 2, 2, 1, 1, 0],
[2, 0, 0, 1, 0, 1, 0, 0, 0, 2],
[1, 0, 2, 0, 2, 2, 2, 0, 2, 0],
[1, 2, 2, 1, 2, 0, 0, 0, 0, 1],
[1, 1, 2, 0, 0, 0, 2, 1, 2, 1]]),
Matrix(GF(p),[ 
[2, 1, 0, 1, 2, 2, 2, 2, 0, 0],
[1, 2, 1, 0, 1, 0, 0, 0, 0, 1],
[0, 0, 1, 1, 0, 1, 1, 2, 1, 2],
[2, 0, 1, 2, 1, 2, 1, 2, 0, 2],
[1, 0, 0, 2, 1, 0, 0, 1, 0, 0],
[1, 2, 1, 2, 2, 2, 0, 1, 0, 1],
[2, 1, 0, 1, 0, 0, 1, 0, 0, 1],
[2, 2, 1, 0, 1, 2, 2, 2, 2, 2],
[0, 2, 1, 1, 1, 2, 0, 2, 0, 0],
[0, 2, 2, 2, 0, 2, 2, 2, 2, 2]]),
Matrix(GF(p),[
[1, 0, 1, 2, 0, 2, 1, 2, 2, 0],
[0, 0, 1, 2, 0, 2, 0, 1, 1, 1],
[0, 1, 0, 1, 1, 1, 0, 2, 2, 1],
[2, 1, 0, 1, 2, 1, 0, 0, 2, 2],
[0, 1, 2, 2, 1, 2, 1, 1, 0, 2],
[1, 2, 1, 1, 0, 1, 1, 1, 2, 1],
[0, 1, 1, 1, 2, 1, 0, 0, 2, 2],
[2, 1, 0, 2, 2, 1, 1, 0, 0, 0],
[2, 2, 1, 0, 2, 0, 1, 2, 1, 2],
[1, 0, 2, 2, 0, 0, 1, 2, 0, 1]]),
Matrix(GF(p),[ 
[2, 0, 1, 2, 1, 0, 2, 0, 1, 0],
[1, 1, 2, 0, 2, 2, 2, 2, 0, 0],
[1, 1, 0, 0, 0, 0, 1, 0, 0, 1],
[2, 1, 1, 1, 0, 0, 0, 0, 0, 1],
[1, 1, 0, 2, 2, 0, 0, 1, 2, 1],
[2, 1, 0, 1, 1, 1, 1, 0, 0, 0],
[1, 0, 1, 1, 0, 0, 1, 1, 2, 0],
[1, 2, 1, 2, 1, 1, 2, 2, 2, 2],
[1, 2, 0, 0, 2, 0, 2, 2, 1, 0],
[1, 2, 0, 1, 0, 0, 1, 0, 2, 1]]),
Matrix(GF(p),[ 
[1, 1, 0, 0, 1, 1, 0, 2, 2, 2],
[0, 2, 2, 1, 0, 0, 1, 2, 2, 2],
[0, 0, 2, 1, 2, 1, 2, 0, 1, 1],
[2, 1, 2, 0, 2, 0, 0, 0, 1, 1],
[2, 2, 0, 2, 2, 2, 0, 1, 0, 0],
[0, 2, 2, 0, 1, 2, 0, 0, 2, 1],
[0, 1, 0, 2, 1, 2, 0, 0, 1, 0],
[2, 0, 2, 0, 0, 2, 2, 2, 1, 1],
[2, 1, 1, 2, 2, 1, 0, 0, 0, 1],
[2, 2, 1, 2, 0, 2, 0, 1, 1, 0]]),
Matrix(GF(p),[
[0, 2, 0, 1, 0, 0, 0, 0, 2, 1],
[0, 1, 2, 2, 2, 0, 1, 0, 1, 1],
[1, 0, 0, 0, 2, 2, 1, 0, 0, 0],
[1, 2, 2, 0, 1, 2, 1, 1, 1, 1],
[1, 2, 2, 2, 1, 0, 0, 1, 2, 0],
[1, 1, 0, 0, 1, 0, 2, 2, 2, 0],
[1, 0, 1, 2, 1, 2, 1, 2, 2, 0],
[2, 0, 0, 0, 0, 2, 0, 1, 2, 0],
[0, 0, 0, 0, 1, 2, 0, 2, 1, 0],
[0, 1, 1, 0, 1, 1, 1, 1, 0, 1]]),
Matrix(GF(p),[ 
[1, 1, 1, 1, 1, 2, 1, 1, 0, 0],
[0, 2, 2, 1, 2, 2, 1, 0, 2, 1],
[1, 1, 0, 0, 2, 1, 0, 2, 2, 1],
[0, 2, 0, 2, 1, 2, 0, 1, 0, 0],
[0, 2, 2, 1, 1, 1, 0, 2, 2, 2],
[0, 0, 2, 0, 1, 0, 1, 2, 0, 1],
[0, 1, 2, 0, 0, 1, 1, 0, 0, 2],
[1, 2, 0, 2, 2, 0, 0, 0, 1, 1],
[2, 0, 2, 1, 0, 2, 1, 0, 2, 2],
[2, 2, 0, 0, 1, 2, 0, 1, 0, 1]]),
Matrix(GF(p),[ 
[0, 1, 1, 1, 1, 0, 1, 0, 1, 0],
[1, 2, 0, 0, 0, 2, 2, 2, 0, 0],
[1, 0, 0, 0, 1, 1, 2, 0, 2, 1],
[1, 2, 1, 1, 2, 0, 1, 0, 0, 1],
[2, 2, 1, 0, 1, 2, 0, 1, 1, 2],
[0, 0, 2, 0, 2, 2, 2, 0, 0, 2],
[1, 1, 2, 0, 0, 1, 0, 0, 2, 0],
[2, 2, 0, 0, 0, 0, 0, 1, 2, 1],
[0, 2, 1, 0, 2, 0, 0, 1, 1, 2],
[2, 1, 2, 0, 1, 0, 0, 1, 2, 1]]),
Matrix(GF(p),[
[1, 2, 1, 1, 0, 2, 0, 0, 1, 1],
[0, 0, 0, 0, 0, 1, 0, 1, 1, 0],
[1, 0, 0, 2, 1, 1, 2, 0, 2, 0],
[2, 2, 0, 2, 1, 0, 0, 2, 2, 2],
[1, 1, 2, 1, 0, 2, 1, 0, 0, 1],
[2, 2, 0, 0, 2, 2, 2, 0, 1, 0],
[1, 1, 2, 2, 0, 2, 0, 0, 2, 1],
[2, 0, 1, 1, 0, 2, 1, 2, 0, 0],
[2, 1, 0, 2, 0, 2, 1, 0, 0, 1],
[2, 0, 1, 0, 0, 2, 1, 2, 2, 2]]),
Matrix(GF(p),[ 
[1, 0, 2, 2, 0, 1, 0, 0, 1, 2],
[0, 1, 2, 2, 0, 2, 2, 1, 1, 1],
[0, 0, 0, 2, 0, 0, 1, 0, 0, 1],
[1, 1, 0, 0, 1, 2, 0, 1, 2, 1],
[1, 1, 1, 0, 2, 0, 2, 2, 1, 1],
[0, 0, 0, 1, 0, 0, 0, 0, 1, 1],
[0, 1, 2, 0, 1, 2, 0, 2, 2, 0],
[0, 0, 0, 1, 1, 1, 1, 2, 1, 2],
[0, 2, 2, 2, 2, 1, 2, 0, 2, 0],
[0, 2, 0, 0, 1, 2, 0, 2, 0, 2]]),
Matrix(GF(p),[ 
[0, 1, 0, 2, 1, 1, 2, 0, 1, 1],
[2, 0, 2, 2, 2, 1, 1, 0, 0, 1],
[2, 1, 1, 1, 1, 1, 0, 2, 1, 1],
[2, 0, 1, 0, 2, 1, 2, 0, 1, 0],
[2, 2, 2, 2, 2, 1, 0, 1, 2, 1],
[2, 0, 2, 1, 1, 2, 2, 1, 2, 2],
[2, 0, 2, 2, 0, 0, 1, 2, 1, 2],
[0, 0, 1, 1, 1, 2, 1, 0, 1, 2],
[1, 2, 2, 1, 2, 0, 1, 1, 0, 2],
[1, 1, 1, 2, 0, 0, 1, 2, 2, 0]]),
Matrix(GF(p),[
[0, 1, 1, 1, 1, 2, 2, 1, 0, 2],
[1, 1, 0, 2, 0, 2, 0, 0, 2, 2],
[1, 0, 1, 1, 2, 2, 1, 0, 1, 2],
[1, 0, 1, 2, 0, 2, 1, 2, 0, 1],
[1, 0, 2, 0, 0, 1, 0, 1, 2, 0],
[2, 1, 2, 0, 0, 2, 2, 2, 2, 1],
[2, 1, 1, 2, 2, 2, 0, 1, 2, 0],
[2, 0, 1, 0, 1, 2, 1, 1, 0, 0],
[0, 0, 2, 2, 0, 0, 1, 0, 0, 0],
[2, 1, 0, 2, 2, 0, 2, 1, 2, 0]]),
Matrix(GF(p),[ 
[2, 0, 1, 1, 1, 0, 2, 1, 0, 2],
[2, 2, 2, 2, 0, 1, 1, 2, 0, 0],
[0, 0, 0, 2, 1, 0, 0, 0, 0, 0],
[0, 2, 2, 1, 0, 0, 2, 2, 2, 2],
[2, 2, 1, 1, 1, 0, 0, 2, 0, 0],
[0, 0, 0, 1, 1, 1, 0, 2, 2, 1],
[1, 1, 2, 2, 1, 1, 2, 1, 1, 0],
[0, 0, 2, 0, 1, 1, 2, 0, 0, 2],
[2, 1, 1, 1, 1, 2, 1, 0, 1, 0],
[0, 2, 1, 1, 1, 2, 0, 1, 1, 2]]),
Matrix(GF(p),[ 
[1, 2, 2, 1, 0, 0, 1, 0, 2, 0],
[0, 0, 2, 2, 1, 0, 1, 1, 1, 2],
[1, 2, 2, 0, 0, 0, 2, 1, 1, 1],
[2, 0, 2, 2, 0, 0, 1, 0, 0, 2],
[1, 2, 1, 1, 1, 2, 2, 0, 2, 2],
[2, 0, 1, 2, 2, 1, 2, 1, 2, 2],
[0, 2, 0, 0, 0, 1, 2, 0, 1, 1],
[0, 2, 0, 0, 1, 0, 1, 0, 2, 2],
[2, 2, 1, 1, 2, 0, 1, 1, 0, 2],
[2, 2, 2, 0, 1, 1, 2, 0, 2, 2]]),
Matrix(GF(p),[
[1, 1, 2, 1, 2, 1, 0, 2, 0, 1],
[0, 2, 0, 2, 0, 0, 1, 1, 1, 0],
[2, 0, 1, 0, 1, 1, 1, 0, 1, 1],
[0, 1, 1, 0, 1, 0, 2, 0, 2, 0],
[2, 2, 0, 1, 0, 2, 1, 0, 1, 0],
[1, 1, 1, 0, 0, 1, 2, 2, 0, 2],
[0, 1, 2, 1, 0, 1, 0, 2, 0, 2],
[0, 1, 1, 2, 0, 0, 2, 1, 2, 0],
[2, 2, 0, 2, 2, 1, 2, 0, 1, 0],
[2, 2, 2, 1, 1, 1, 2, 1, 0, 1]]),
Matrix(GF(p),[ 
[1, 1, 2, 1, 2, 1, 1, 1, 0, 1],
[2, 0, 0, 1, 1, 2, 2, 1, 2, 1],
[2, 0, 2, 2, 2, 1, 0, 0, 1, 0],
[2, 1, 0, 0, 1, 1, 1, 2, 1, 1],
[2, 0, 2, 2, 2, 1, 2, 1, 0, 2],
[1, 2, 0, 1, 0, 1, 0, 0, 2, 0],
[0, 1, 1, 0, 1, 0, 2, 1, 2, 0],
[0, 1, 0, 2, 0, 0, 1, 2, 0, 1],
[0, 0, 1, 0, 0, 2, 2, 2, 0, 0],
[1, 2, 0, 1, 1, 2, 1, 0, 2, 2]]),
Matrix(GF(p),[ 
[2, 2, 1, 2, 1, 0, 2, 2, 2, 1],
[2, 1, 2, 0, 1, 0, 1, 2, 0, 0],
[2, 2, 0, 0, 0, 0, 2, 0, 2, 1],
[0, 0, 0, 1, 0, 2, 0, 2, 0, 0],
[1, 2, 0, 2, 1, 2, 1, 1, 1, 0],
[1, 1, 0, 0, 1, 1, 2, 1, 2, 2],
[1, 1, 1, 1, 1, 1, 2, 0, 0, 1],
[0, 2, 0, 2, 0, 0, 2, 1, 1, 1],
[2, 0, 0, 2, 1, 0, 0, 2, 1, 1],
[0, 2, 1, 0, 2, 2, 0, 2, 0, 1]]),
Matrix(GF(p),[
[1, 2, 1, 0, 2, 1, 0, 2, 2, 2],
[1, 1, 0, 2, 2, 1, 1, 2, 1, 1],
[1, 0, 1, 1, 0, 2, 0, 2, 1, 1],
[0, 2, 1, 2, 2, 1, 1, 0, 1, 1],
[0, 0, 2, 2, 2, 1, 0, 2, 2, 0],
[2, 0, 0, 0, 2, 1, 0, 2, 1, 2],
[2, 1, 2, 1, 0, 0, 2, 0, 2, 2],
[2, 1, 1, 0, 2, 1, 0, 0, 0, 0],
[2, 0, 2, 0, 0, 1, 1, 2, 1, 2],
[1, 1, 2, 0, 2, 1, 1, 0, 0, 1]]),
Matrix(GF(p),[ 
[2, 0, 0, 2, 1, 2, 1, 2, 1, 1],
[0, 0, 0, 1, 1, 1, 1, 2, 2, 0],
[1, 2, 1, 0, 2, 2, 2, 0, 2, 2],
[0, 0, 2, 1, 1, 2, 1, 1, 2, 2],
[2, 0, 1, 1, 2, 0, 0, 1, 0, 2],
[1, 0, 2, 0, 2, 2, 2, 0, 2, 1],
[1, 2, 2, 1, 1, 1, 2, 2, 0, 1],
[1, 0, 1, 1, 2, 2, 0, 2, 1, 2],
[0, 2, 1, 1, 1, 2, 0, 1, 0, 0],
[1, 2, 1, 1, 1, 2, 1, 1, 1, 1]]),
Matrix(GF(p),[ 
[2, 2, 0, 1, 2, 1, 1, 0, 0, 0],
[2, 1, 2, 2, 2, 1, 1, 1, 0, 1],
[1, 0, 2, 2, 1, 1, 2, 1, 1, 2],
[2, 2, 1, 0, 1, 0, 2, 1, 2, 0],
[1, 0, 1, 0, 0, 2, 2, 1, 1, 2],
[2, 1, 1, 1, 2, 1, 1, 1, 2, 1],
[0, 2, 2, 0, 1, 2, 2, 1, 0, 1],
[0, 2, 2, 2, 0, 1, 0, 1, 2, 1],
[0, 2, 1, 2, 1, 0, 0, 1, 0, 2],
[2, 2, 0, 1, 0, 1, 2, 1, 2, 1]]),
Matrix(GF(p),[
[0, 2, 1, 1, 1, 1, 1, 1, 0, 2],
[2, 2, 0, 1, 0, 2, 0, 1, 2, 0],
[2, 2, 0, 0, 1, 2, 0, 2, 0, 0],
[2, 0, 0, 0, 2, 1, 1, 0, 0, 0],
[1, 2, 2, 0, 0, 2, 2, 0, 2, 2],
[2, 1, 1, 0, 0, 2, 2, 0, 0, 0],
[2, 0, 2, 1, 2, 2, 1, 0, 2, 1],
[2, 2, 1, 1, 1, 1, 0, 0, 0, 0],
[1, 1, 2, 2, 1, 2, 0, 0, 0, 2],
[2, 1, 2, 0, 0, 1, 2, 0, 0, 0]]),
Matrix(GF(p),[ 
[0, 1, 2, 2, 0, 0, 1, 0, 2, 0],
[1, 0, 1, 0, 0, 0, 2, 2, 1, 1],
[0, 0, 2, 0, 0, 2, 1, 2, 0, 2],
[0, 0, 1, 0, 0, 0, 0, 1, 1, 0],
[1, 1, 0, 0, 2, 0, 0, 1, 0, 1],
[2, 2, 2, 2, 2, 2, 1, 2, 2, 1],
[0, 1, 0, 2, 0, 2, 2, 1, 2, 0],
[2, 2, 0, 2, 0, 1, 0, 2, 0, 1],
[2, 0, 0, 1, 0, 0, 1, 2, 0, 0],
[2, 1, 0, 2, 1, 2, 0, 2, 1, 1]]),
Matrix(GF(p),[ 
[2, 1, 0, 1, 1, 0, 0, 1, 2, 2],
[2, 1, 1, 1, 2, 1, 1, 0, 0, 0],
[2, 0, 0, 0, 0, 0, 2, 0, 1, 1],
[1, 0, 0, 1, 1, 2, 2, 1, 1, 0],
[2, 1, 2, 0, 0, 2, 1, 2, 2, 1],
[1, 0, 0, 0, 1, 0, 0, 1, 1, 1],
[1, 0, 1, 0, 2, 1, 0, 1, 2, 0],
[1, 1, 2, 0, 1, 0, 1, 0, 1, 0],
[0, 2, 0, 1, 0, 2, 2, 0, 2, 0],
[0, 1, 0, 2, 2, 2, 2, 0, 2, 2]]),
Matrix(GF(p),[
[0, 0, 0, 1, 1, 2, 0, 2, 2, 1],
[2, 0, 2, 0, 1, 2, 0, 0, 0, 0],
[2, 0, 0, 1, 0, 1, 1, 1, 0, 0],
[1, 2, 2, 1, 0, 0, 0, 1, 1, 0],
[0, 0, 2, 1, 1, 2, 2, 1, 1, 0],
[2, 2, 1, 2, 2, 2, 1, 2, 1, 2],
[2, 1, 0, 1, 0, 2, 2, 0, 1, 1],
[1, 0, 1, 0, 1, 0, 0, 0, 1, 1],
[1, 2, 0, 0, 1, 1, 0, 0, 1, 2],
[1, 0, 1, 2, 1, 0, 2, 2, 0, 2]]),
Matrix(GF(p),[ 
[1, 1, 2, 2, 0, 1, 0, 1, 2, 2],
[0, 2, 2, 0, 0, 1, 0, 0, 1, 0],
[0, 1, 1, 2, 2, 2, 0, 2, 0, 1],
[0, 0, 2, 0, 1, 2, 1, 1, 0, 0],
[2, 2, 2, 2, 2, 2, 0, 0, 2, 2],
[0, 1, 0, 1, 0, 0, 2, 0, 1, 2],
[2, 1, 0, 2, 1, 0, 1, 0, 1, 2],
[0, 0, 0, 1, 1, 2, 1, 1, 2, 0],
[2, 0, 0, 0, 1, 0, 1, 0, 0, 1],
[0, 0, 2, 1, 1, 1, 1, 0, 2, 1]]),
Matrix(GF(p),[ 
[1, 0, 2, 0, 1, 0, 1, 2, 0, 0],
[2, 1, 0, 1, 1, 0, 0, 1, 0, 0],
[0, 0, 0, 1, 2, 0, 0, 2, 2, 1],
[0, 2, 1, 1, 2, 2, 2, 1, 0, 0],
[2, 1, 2, 0, 1, 0, 0, 2, 2, 0],
[1, 2, 2, 2, 0, 2, 1, 2, 2, 0],
[2, 2, 1, 1, 0, 1, 1, 0, 1, 1],
[0, 0, 1, 1, 1, 2, 1, 1, 2, 2],
[1, 2, 1, 1, 0, 2, 1, 2, 2, 1],
[2, 1, 0, 2, 1, 1, 0, 0, 2, 0]]),
Matrix(GF(p),[
[0, 0, 1, 1, 2, 1, 2, 2, 2, 0],
[1, 2, 1, 1, 0, 0, 0, 0, 1, 0],
[0, 1, 2, 1, 2, 1, 0, 1, 0, 0],
[0, 0, 2, 0, 1, 1, 1, 0, 0, 1],
[2, 1, 2, 0, 1, 2, 0, 1, 1, 2],
[0, 2, 2, 0, 2, 1, 1, 1, 1, 0],
[1, 2, 0, 1, 1, 1, 0, 0, 1, 0],
[1, 1, 2, 1, 0, 0, 1, 0, 0, 0],
[0, 2, 0, 1, 0, 0, 2, 1, 0, 1],
[1, 2, 1, 1, 2, 0, 1, 1, 0, 1]]),
Matrix(GF(p),[ 
[1, 0, 2, 0, 1, 1, 1, 0, 0, 2],
[0, 2, 0, 2, 2, 0, 0, 1, 2, 0],
[1, 2, 0, 0, 1, 2, 1, 0, 0, 1],
[0, 0, 1, 0, 0, 2, 2, 2, 0, 1],
[1, 2, 0, 0, 1, 0, 0, 2, 1, 0],
[1, 1, 2, 2, 0, 0, 1, 0, 1, 0],
[2, 1, 0, 2, 2, 2, 1, 1, 1, 1],
[1, 1, 0, 0, 0, 1, 0, 2, 0, 2],
[2, 2, 0, 0, 2, 0, 2, 2, 2, 1],
[1, 1, 1, 0, 2, 0, 2, 1, 2, 2]]),
Matrix(GF(p),[ 
[0, 1, 0, 1, 1, 1, 0, 1, 1, 1],
[2, 1, 2, 0, 0, 2, 1, 1, 1, 0],
[0, 2, 1, 1, 1, 1, 2, 0, 0, 1],
[0, 0, 0, 2, 0, 2, 0, 1, 1, 0],
[1, 1, 1, 1, 0, 0, 2, 2, 2, 1],
[0, 0, 2, 1, 1, 0, 2, 2, 0, 0],
[1, 0, 0, 1, 1, 0, 2, 1, 1, 2],
[0, 0, 0, 0, 2, 1, 0, 2, 0, 2],
[1, 0, 1, 0, 2, 2, 2, 1, 2, 1],
[0, 0, 1, 0, 2, 2, 2, 2, 1, 0]]),
Matrix(GF(p),[
[0, 0, 2, 1, 2, 0, 0, 2, 2, 0],
[1, 0, 0, 1, 0, 2, 1, 2, 2, 2],
[1, 1, 1, 1, 1, 0, 1, 0, 0, 0],
[1, 2, 0, 1, 0, 0, 1, 2, 2, 1],
[1, 2, 2, 1, 0, 0, 0, 0, 2, 0],
[0, 1, 1, 1, 1, 1, 1, 2, 0, 2],
[0, 0, 2, 2, 0, 1, 2, 0, 0, 1],
[0, 2, 0, 1, 2, 2, 1, 2, 1, 0],
[2, 0, 2, 1, 2, 1, 1, 1, 1, 2],
[2, 0, 0, 2, 2, 0, 2, 1, 1, 2]]),
Matrix(GF(p),[ 
[0, 1, 1, 0, 0, 0, 1, 0, 0, 0],
[1, 0, 2, 1, 2, 0, 1, 1, 2, 0],
[0, 2, 0, 1, 1, 2, 1, 1, 0, 1],
[2, 2, 1, 2, 1, 2, 2, 2, 2, 1],
[1, 2, 0, 1, 1, 1, 1, 1, 2, 2],
[1, 1, 0, 0, 2, 1, 0, 0, 0, 2],
[1, 1, 2, 1, 2, 1, 0, 2, 2, 2],
[1, 0, 1, 0, 2, 2, 1, 0, 2, 2],
[2, 1, 1, 0, 2, 1, 2, 2, 2, 1],
[1, 2, 0, 0, 2, 1, 2, 0, 2, 0]]),
Matrix(GF(p),[ 
[1, 0, 1, 0, 1, 2, 2, 1, 2, 2],
[0, 0, 1, 0, 0, 0, 0, 0, 1, 1],
[1, 1, 0, 2, 2, 2, 1, 1, 0, 0],
[1, 2, 1, 1, 2, 0, 2, 1, 2, 2],
[0, 2, 1, 2, 2, 1, 0, 1, 2, 2],
[2, 1, 0, 0, 0, 1, 0, 2, 2, 2],
[0, 2, 2, 1, 0, 1, 1, 1, 1, 1],
[0, 1, 1, 2, 1, 1, 1, 2, 0, 2],
[1, 1, 1, 0, 1, 2, 1, 2, 2, 1],
[0, 1, 2, 2, 1, 0, 2, 1, 2, 1]]),
Matrix(GF(p),[
[2, 1, 0, 1, 2, 2, 1, 2, 0, 1],
[0, 2, 0, 0, 1, 1, 1, 2, 1, 1],
[0, 2, 1, 1, 0, 1, 0, 2, 0, 2],
[1, 1, 2, 1, 0, 1, 2, 1, 1, 2],
[0, 1, 0, 0, 2, 1, 2, 2, 0, 1],
[2, 0, 2, 0, 2, 1, 0, 2, 2, 2],
[2, 0, 1, 0, 0, 2, 1, 1, 0, 2],
[2, 0, 1, 1, 0, 2, 0, 0, 1, 0],
[2, 1, 2, 2, 2, 0, 0, 0, 2, 2],
[0, 1, 2, 1, 2, 1, 2, 1, 0, 0]]),
Matrix(GF(p),[ 
[0, 1, 0, 1, 0, 0, 1, 0, 1, 2],
[2, 0, 0, 0, 1, 1, 1, 1, 1, 1],
[2, 2, 1, 2, 0, 1, 2, 2, 1, 2],
[0, 2, 1, 0, 0, 2, 1, 0, 0, 1],
[0, 2, 2, 2, 2, 1, 0, 2, 1, 1],
[2, 2, 0, 0, 2, 2, 0, 0, 2, 2],
[1, 1, 2, 2, 1, 2, 2, 0, 0, 0],
[0, 0, 2, 0, 2, 0, 1, 2, 1, 1],
[0, 1, 1, 2, 1, 1, 2, 2, 0, 2],
[2, 1, 2, 1, 0, 0, 0, 2, 0, 1]]),
Matrix(GF(p),[ 
[2, 0, 0, 1, 2, 1, 0, 1, 1, 1],
[1, 0, 0, 0, 1, 0, 0, 1, 0, 1],
[0, 2, 1, 2, 1, 0, 0, 2, 0, 1],
[0, 2, 2, 2, 1, 2, 1, 2, 2, 2],
[1, 2, 0, 2, 0, 2, 1, 2, 2, 1],
[1, 2, 2, 2, 1, 0, 1, 1, 1, 2],
[1, 2, 0, 1, 0, 0, 2, 1, 2, 2],
[1, 1, 1, 0, 1, 2, 2, 1, 1, 0],
[2, 2, 0, 1, 1, 2, 0, 1, 1, 2],
[1, 2, 0, 2, 1, 1, 1, 0, 0, 2]]),
Matrix(GF(p),[
[0, 2, 0, 1, 2, 0, 1, 1, 1, 2],
[2, 1, 0, 1, 2, 0, 0, 2, 0, 0],
[0, 0, 0, 0, 1, 0, 1, 1, 2, 1],
[1, 2, 0, 1, 2, 2, 0, 0, 0, 1],
[2, 2, 1, 2, 0, 2, 0, 2, 2, 0],
[1, 1, 0, 1, 0, 1, 0, 2, 0, 2],
[2, 0, 2, 0, 1, 0, 1, 2, 1, 1],
[1, 1, 0, 2, 0, 0, 1, 1, 0, 2],
[1, 0, 1, 2, 0, 1, 1, 0, 1, 1],
[2, 0, 0, 1, 1, 1, 2, 0, 0, 0]]),
Matrix(GF(p),[ 
[1, 1, 0, 0, 2, 1, 2, 0, 0, 1],
[1, 2, 0, 2, 1, 1, 1, 2, 2, 1],
[1, 1, 1, 1, 1, 1, 0, 1, 2, 1],
[1, 1, 2, 0, 0, 1, 2, 1, 0, 1],
[2, 2, 2, 2, 1, 1, 0, 1, 0, 2],
[2, 1, 0, 2, 2, 1, 1, 0, 1, 0],
[1, 2, 0, 0, 2, 0, 2, 1, 0, 0],
[0, 0, 2, 1, 2, 0, 2, 1, 2, 0],
[2, 0, 0, 0, 2, 2, 1, 1, 1, 1],
[1, 2, 2, 0, 0, 0, 0, 2, 1, 2]]),
Matrix(GF(p),[ 
[1, 1, 1, 0, 0, 2, 1, 2, 0, 0],
[2, 1, 1, 1, 1, 2, 2, 1, 1, 0],
[1, 2, 1, 2, 1, 0, 2, 2, 1, 1],
[1, 1, 2, 2, 2, 0, 2, 0, 1, 2],
[1, 1, 2, 1, 0, 2, 0, 0, 0, 2],
[0, 0, 2, 2, 1, 0, 2, 0, 2, 2],
[2, 0, 1, 0, 1, 2, 1, 2, 1, 2],
[0, 0, 0, 2, 2, 2, 2, 2, 0, 0],
[2, 2, 1, 0, 2, 1, 1, 2, 2, 2],
[2, 0, 1, 0, 1, 0, 0, 0, 2, 2]]),
Matrix(GF(p),[
[1, 0, 2, 2, 1, 0, 0, 0, 0, 2],
[1, 2, 0, 1, 2, 1, 2, 0, 1, 2],
[1, 0, 2, 0, 1, 1, 0, 2, 1, 2],
[2, 2, 1, 0, 1, 0, 1, 0, 2, 0],
[0, 1, 0, 2, 2, 0, 1, 2, 0, 0],
[0, 0, 0, 0, 0, 1, 0, 1, 0, 2],
[1, 0, 1, 2, 2, 0, 0, 0, 2, 1],
[0, 2, 0, 1, 1, 2, 0, 2, 2, 1],
[0, 1, 0, 2, 2, 2, 1, 1, 2, 0],
[0, 1, 1, 1, 2, 0, 2, 2, 1, 1]]),
Matrix(GF(p),[ 
[2, 2, 2, 2, 2, 1, 1, 2, 1, 0],
[0, 2, 0, 1, 1, 1, 2, 1, 2, 0],
[0, 2, 1, 1, 0, 2, 1, 1, 1, 2],
[2, 1, 1, 2, 1, 1, 0, 1, 0, 1],
[0, 2, 0, 0, 2, 2, 0, 0, 0, 2],
[0, 0, 2, 2, 2, 0, 0, 0, 2, 0],
[0, 0, 0, 0, 0, 2, 0, 0, 0, 0],
[0, 0, 0, 0, 0, 0, 0, 2, 2, 1],
[0, 1, 1, 1, 1, 1, 0, 2, 1, 1],
[1, 0, 0, 2, 0, 1, 1, 0, 1, 2]]),
Matrix(GF(p),[ 
[0, 0, 1, 1, 0, 0, 1, 0, 1, 1],
[1, 2, 0, 0, 0, 1, 0, 0, 0, 0],
[1, 2, 2, 0, 1, 2, 1, 2, 1, 0],
[2, 1, 1, 2, 2, 0, 2, 0, 0, 1],
[1, 2, 2, 2, 2, 1, 0, 1, 0, 0],
[1, 2, 1, 1, 1, 2, 0, 2, 2, 2],
[0, 2, 1, 0, 1, 1, 1, 2, 1, 2],
[0, 2, 0, 0, 1, 2, 2, 0, 2, 0],
[0, 1, 2, 0, 2, 1, 2, 1, 0, 2],
[1, 1, 1, 2, 0, 1, 0, 0, 0, 1]]),
Matrix(GF(p),[
[0, 1, 2, 0, 2, 2, 0, 1, 0, 2],
[2, 1, 1, 0, 2, 2, 2, 2, 0, 1],
[0, 0, 2, 0, 0, 0, 0, 2, 2, 1],
[1, 2, 2, 1, 0, 2, 0, 2, 2, 2],
[2, 0, 0, 0, 0, 2, 1, 0, 1, 2],
[1, 1, 1, 0, 2, 1, 1, 2, 0, 1],
[2, 2, 1, 0, 2, 0, 1, 0, 2, 0],
[1, 2, 2, 0, 0, 1, 1, 2, 0, 1],
[2, 1, 1, 1, 2, 0, 1, 2, 2, 2],
[0, 2, 1, 2, 2, 0, 1, 0, 2, 1]]),
Matrix(GF(p),[ 
[1, 0, 0, 0, 2, 2, 1, 2, 2, 1],
[0, 0, 2, 0, 2, 1, 0, 0, 0, 1],
[1, 1, 0, 2, 1, 2, 0, 2, 0, 0],
[2, 2, 0, 2, 2, 0, 1, 0, 1, 2],
[0, 1, 2, 1, 2, 2, 1, 0, 2, 0],
[2, 1, 0, 2, 0, 1, 2, 1, 2, 2],
[2, 1, 2, 2, 2, 1, 2, 0, 2, 1],
[2, 0, 2, 0, 0, 2, 2, 2, 1, 0],
[0, 2, 2, 0, 1, 2, 0, 2, 2, 1],
[1, 1, 1, 1, 0, 2, 2, 1, 0, 2]]),
Matrix(GF(p),[ 
[2, 0, 2, 1, 2, 1, 0, 2, 2, 0],
[1, 1, 1, 2, 2, 0, 0, 2, 1, 2],
[2, 1, 0, 0, 2, 2, 0, 2, 1, 2],
[2, 0, 2, 0, 1, 0, 0, 0, 1, 1],
[2, 0, 0, 2, 1, 1, 2, 1, 0, 1],
[2, 0, 0, 0, 0, 1, 2, 0, 2, 2],
[0, 0, 1, 2, 1, 2, 0, 1, 0, 1],
[0, 1, 1, 2, 1, 1, 0, 1, 2, 1],
[2, 2, 2, 2, 0, 0, 2, 0, 2, 0],
[2, 0, 1, 2, 2, 1, 2, 1, 2, 2]]),
Matrix(GF(p),[
[1, 1, 2, 1, 2, 2, 2, 1, 0, 2],
[1, 1, 0, 0, 0, 2, 2, 1, 0, 1],
[2, 2, 0, 2, 0, 2, 0, 1, 1, 2],
[0, 2, 1, 1, 0, 1, 1, 2, 0, 0],
[0, 2, 2, 1, 2, 0, 2, 0, 2, 1],
[0, 1, 0, 1, 0, 0, 2, 0, 2, 2],
[0, 0, 0, 1, 2, 2, 0, 1, 0, 0],
[2, 2, 1, 2, 1, 2, 1, 0, 0, 2],
[1, 2, 2, 2, 1, 1, 2, 1, 0, 0],
[2, 0, 0, 2, 0, 0, 2, 2, 2, 1]]),
Matrix(GF(p),[ 
[1, 1, 2, 0, 2, 2, 2, 2, 2, 2],
[1, 0, 2, 2, 1, 2, 1, 0, 2, 0],
[1, 1, 2, 0, 0, 2, 2, 2, 1, 0],
[1, 0, 1, 0, 0, 0, 0, 1, 2, 1],
[2, 1, 0, 0, 0, 1, 1, 1, 2, 2],
[1, 1, 0, 1, 0, 2, 0, 2, 2, 2],
[2, 1, 0, 0, 2, 0, 0, 0, 1, 1],
[0, 0, 0, 1, 0, 0, 0, 2, 2, 1],
[0, 0, 2, 1, 1, 2, 2, 2, 1, 2],
[1, 0, 0, 0, 2, 2, 0, 2, 2, 2]]),
Matrix(GF(p),[ 
[0, 1, 0, 0, 2, 2, 2, 1, 2, 1],
[1, 1, 1, 1, 2, 0, 2, 1, 2, 0],
[1, 1, 1, 1, 2, 0, 0, 0, 2, 2],
[2, 2, 0, 0, 1, 2, 0, 0, 0, 2],
[2, 0, 2, 1, 1, 0, 0, 1, 0, 2],
[2, 0, 0, 2, 0, 1, 1, 2, 2, 0],
[2, 1, 2, 0, 1, 0, 2, 2, 2, 2],
[0, 2, 2, 1, 1, 0, 2, 1, 2, 2],
[1, 0, 2, 0, 1, 1, 1, 1, 0, 1],
[0, 0, 2, 1, 1, 2, 1, 2, 0, 1]]),
Matrix(GF(p),[
[0, 2, 1, 0, 0, 0, 1, 1, 0, 0],
[1, 1, 1, 2, 0, 2, 1, 1, 1, 0],
[2, 2, 1, 1, 1, 2, 0, 0, 1, 2],
[2, 1, 1, 0, 0, 1, 2, 1, 2, 0],
[0, 0, 2, 1, 2, 2, 0, 0, 0, 1],
[2, 1, 2, 1, 1, 1, 1, 1, 2, 0],
[2, 2, 2, 2, 2, 1, 1, 1, 2, 2],
[0, 1, 2, 0, 0, 1, 0, 2, 1, 2],
[2, 0, 1, 1, 2, 1, 0, 2, 1, 0],
[1, 1, 0, 0, 2, 2, 2, 2, 1, 2]]),
Matrix(GF(p),[ 
[2, 1, 1, 2, 1, 1, 0, 0, 0, 0],
[1, 1, 0, 2, 1, 2, 0, 2, 0, 1],
[0, 0, 1, 0, 1, 2, 1, 1, 0, 0],
[0, 0, 1, 2, 0, 2, 0, 1, 1, 1],
[2, 2, 2, 1, 2, 2, 2, 2, 2, 2],
[1, 2, 1, 1, 0, 1, 2, 0, 0, 1],
[0, 0, 2, 1, 1, 1, 0, 1, 0, 1],
[1, 2, 1, 0, 1, 0, 2, 0, 1, 0],
[2, 0, 2, 1, 1, 0, 2, 2, 1, 1],
[0, 0, 1, 2, 2, 2, 2, 2, 0, 0]]),
Matrix(GF(p),[ 
[0, 0, 0, 0, 2, 2, 0, 0, 1, 0],
[0, 1, 2, 2, 0, 2, 2, 0, 0, 1],
[2, 1, 0, 1, 1, 0, 0, 0, 0, 0],
[0, 0, 0, 1, 2, 1, 0, 1, 1, 2],
[2, 2, 2, 1, 2, 0, 0, 2, 2, 1],
[0, 1, 1, 0, 1, 0, 0, 0, 2, 2],
[1, 1, 1, 2, 0, 1, 0, 2, 1, 2],
[0, 2, 1, 0, 0, 0, 1, 0, 2, 2],
[2, 0, 0, 2, 0, 1, 1, 2, 0, 0],
[2, 0, 2, 1, 1, 0, 1, 1, 0, 2]]),
Matrix(GF(p),[
[1, 0, 2, 2, 0, 1, 2, 1, 2, 0],
[0, 1, 0, 2, 2, 0, 1, 0, 2, 2],
[2, 2, 2, 1, 1, 0, 2, 1, 0, 2],
[2, 1, 2, 2, 2, 1, 1, 2, 0, 2],
[1, 0, 2, 2, 0, 1, 1, 0, 1, 2],
[1, 0, 2, 1, 0, 2, 1, 0, 2, 0],
[2, 2, 0, 1, 1, 0, 1, 2, 2, 1],
[2, 0, 2, 0, 0, 0, 1, 2, 2, 1],
[1, 1, 1, 1, 0, 2, 2, 2, 1, 2],
[1, 1, 1, 0, 1, 0, 1, 2, 1, 0]]),
Matrix(GF(p),[ 
[0, 2, 0, 1, 2, 1, 0, 1, 2, 2],
[1, 1, 1, 2, 2, 0, 2, 0, 0, 2],
[0, 2, 2, 1, 1, 2, 0, 2, 1, 2],
[0, 0, 2, 0, 1, 0, 1, 1, 2, 0],
[1, 1, 1, 0, 0, 2, 0, 0, 2, 1],
[0, 2, 2, 1, 0, 2, 2, 2, 1, 1],
[0, 0, 2, 0, 0, 2, 2, 1, 1, 2],
[1, 0, 2, 1, 2, 1, 2, 1, 1, 1],
[0, 1, 0, 1, 0, 0, 1, 2, 2, 1],
[0, 1, 2, 0, 2, 1, 0, 2, 0, 1]]),
Matrix(GF(p),[ 
[1, 0, 1, 2, 1, 2, 2, 0, 1, 2],
[2, 0, 1, 2, 0, 1, 1, 1, 2, 1],
[2, 1, 1, 2, 2, 1, 0, 0, 1, 2],
[0, 1, 0, 1, 0, 2, 1, 0, 2, 0],
[2, 2, 1, 0, 0, 0, 2, 1, 0, 0],
[1, 2, 2, 2, 1, 0, 2, 0, 2, 0],
[2, 0, 1, 1, 1, 0, 2, 2, 0, 1],
[2, 1, 1, 2, 1, 2, 1, 1, 0, 2],
[1, 1, 2, 0, 1, 1, 1, 2, 2, 0],
[0, 2, 2, 0, 2, 0, 2, 0, 2, 1]]),
Matrix(GF(p),[
[1, 2, 2, 0, 2, 2, 2, 2, 2, 1],
[0, 1, 0, 1, 1, 0, 0, 1, 1, 1],
[1, 0, 2, 2, 1, 2, 2, 0, 2, 2],
[1, 2, 2, 1, 0, 0, 0, 2, 1, 0],
[2, 2, 0, 0, 1, 2, 0, 2, 2, 0],
[1, 0, 2, 2, 1, 0, 2, 1, 2, 1],
[2, 2, 0, 0, 0, 1, 0, 0, 0, 2],
[0, 2, 0, 1, 2, 0, 0, 2, 0, 2],
[2, 1, 2, 0, 0, 2, 1, 2, 0, 1],
[0, 1, 0, 2, 0, 2, 1, 2, 2, 1]]),
Matrix(GF(p),[ 
[0, 2, 0, 2, 1, 1, 0, 0, 1, 1],
[1, 0, 1, 1, 2, 2, 2, 2, 1, 1],
[1, 0, 0, 0, 0, 0, 2, 0, 0, 1],
[1, 2, 1, 2, 2, 2, 2, 2, 0, 0],
[2, 1, 1, 2, 0, 0, 1, 2, 1, 0],
[2, 1, 2, 0, 0, 2, 2, 2, 0, 1],
[0, 2, 2, 2, 1, 2, 1, 2, 0, 0],
[2, 2, 2, 1, 2, 1, 0, 1, 1, 1],
[2, 2, 0, 0, 1, 2, 1, 2, 2, 2],
[2, 2, 0, 0, 2, 1, 2, 2, 2, 0]]),
Matrix(GF(p),[ 
[2, 1, 1, 0, 1, 1, 0, 2, 2, 2],
[0, 1, 0, 2, 2, 0, 0, 0, 0, 2],
[2, 2, 1, 1, 0, 2, 2, 0, 1, 0],
[0, 2, 2, 1, 0, 1, 1, 1, 2, 2],
[0, 0, 1, 0, 2, 2, 2, 1, 1, 1],
[1, 2, 1, 1, 1, 2, 1, 1, 2, 0],
[2, 2, 0, 0, 1, 2, 2, 2, 0, 1],
[0, 1, 1, 1, 0, 1, 1, 1, 0, 1],
[0, 2, 2, 1, 1, 1, 1, 2, 2, 0],
[0, 1, 2, 0, 2, 2, 1, 0, 2, 1]]),
Matrix(GF(p),[
[2, 0, 0, 1, 1, 2, 1, 1, 1, 2],
[0, 2, 1, 0, 1, 2, 1, 2, 1, 0],
[0, 2, 0, 1, 0, 1, 1, 0, 1, 2],
[0, 2, 1, 1, 0, 1, 0, 2, 0, 0],
[0, 0, 2, 2, 1, 0, 1, 1, 1, 0],
[2, 2, 0, 2, 0, 1, 2, 2, 2, 0],
[2, 0, 1, 1, 1, 0, 1, 1, 1, 0],
[1, 1, 0, 0, 0, 2, 0, 2, 2, 0],
[0, 2, 1, 2, 0, 2, 1, 0, 2, 1],
[0, 0, 1, 2, 2, 1, 0, 0, 1, 1]]),
Matrix(GF(p),[ 
[2, 1, 2, 1, 0, 2, 1, 2, 1, 1],
[0, 1, 1, 1, 1, 2, 2, 1, 0, 2],
[2, 2, 0, 2, 0, 1, 0, 2, 0, 0],
[0, 2, 1, 1, 2, 0, 2, 0, 1, 0],
[1, 2, 1, 2, 2, 2, 1, 2, 2, 0],
[0, 2, 0, 0, 2, 0, 2, 2, 2, 2],
[2, 1, 1, 0, 0, 1, 1, 1, 2, 1],
[2, 1, 1, 0, 2, 2, 1, 0, 0, 0],
[1, 1, 0, 1, 2, 1, 0, 2, 1, 1],
[0, 2, 1, 2, 0, 0, 0, 1, 0, 1]]),
Matrix(GF(p),[ 
[1, 2, 2, 1, 0, 2, 0, 0, 1, 1],
[0, 0, 2, 0, 1, 2, 0, 1, 0, 2],
[2, 1, 0, 1, 1, 2, 0, 2, 1, 2],
[2, 0, 0, 2, 1, 1, 2, 0, 1, 2],
[2, 2, 2, 0, 1, 1, 0, 2, 0, 0],
[0, 1, 2, 1, 1, 1, 2, 0, 0, 0],
[2, 0, 2, 0, 2, 2, 2, 1, 1, 2],
[1, 2, 2, 2, 1, 0, 1, 1, 2, 1],
[0, 0, 0, 0, 0, 0, 2, 0, 1, 2],
[1, 2, 2, 1, 0, 1, 0, 1, 2, 0]]),
Matrix(GF(p),[
[2, 0, 1, 0, 1, 0, 2, 2, 0, 2],
[2, 2, 2, 1, 1, 0, 0, 2, 2, 0],
[0, 1, 2, 1, 1, 0, 2, 2, 1, 0],
[1, 2, 0, 0, 2, 0, 1, 0, 0, 2],
[1, 1, 0, 1, 2, 0, 1, 1, 1, 0],
[1, 1, 0, 1, 1, 2, 1, 1, 2, 1],
[2, 1, 2, 1, 1, 2, 2, 1, 0, 1],
[0, 1, 2, 1, 2, 1, 0, 0, 0, 2],
[0, 2, 1, 2, 0, 0, 0, 0, 1, 1],
[0, 2, 0, 0, 0, 1, 0, 1, 2, 2]]),
Matrix(GF(p),[ 
[1, 2, 0, 0, 2, 0, 2, 1, 2, 2],
[2, 2, 1, 0, 1, 2, 1, 1, 2, 2],
[2, 2, 0, 0, 2, 0, 2, 1, 0, 0],
[1, 0, 0, 2, 0, 0, 2, 2, 1, 2],
[0, 2, 1, 1, 1, 0, 0, 1, 1, 2],
[0, 0, 2, 0, 2, 2, 2, 2, 0, 1],
[1, 0, 1, 0, 2, 1, 2, 2, 2, 0],
[2, 1, 2, 0, 0, 0, 2, 1, 2, 2],
[0, 1, 1, 1, 2, 2, 1, 1, 0, 2],
[1, 1, 2, 2, 0, 0, 2, 2, 0, 1]]),
Matrix(GF(p),[ 
[2, 0, 2, 0, 2, 1, 2, 2, 1, 1],
[2, 1, 1, 1, 1, 1, 0, 1, 0, 2],
[2, 1, 0, 1, 2, 1, 1, 2, 2, 2],
[1, 0, 2, 2, 2, 2, 0, 0, 2, 2],
[0, 2, 2, 2, 1, 0, 2, 0, 1, 2],
[1, 1, 0, 2, 1, 2, 2, 1, 2, 0],
[2, 2, 1, 2, 2, 0, 0, 0, 0, 2],
[2, 2, 1, 1, 0, 0, 0, 0, 1, 1],
[1, 0, 0, 1, 0, 2, 0, 2, 0, 0],
[1, 0, 0, 2, 2, 0, 0, 0, 2, 1]]),
Matrix(GF(p),[
[2, 0, 0, 0, 0, 1, 2, 0, 1, 0],
[2, 2, 2, 2, 2, 0, 2, 0, 2, 0],
[1, 0, 1, 2, 1, 0, 2, 2, 2, 0],
[2, 1, 0, 2, 2, 1, 1, 2, 1, 1],
[0, 0, 1, 2, 1, 1, 2, 1, 2, 1],
[2, 2, 1, 0, 1, 2, 0, 0, 1, 0],
[0, 0, 2, 2, 1, 1, 0, 2, 2, 1],
[0, 0, 2, 0, 2, 1, 1, 1, 1, 0],
[2, 2, 2, 2, 0, 1, 1, 2, 1, 2],
[1, 2, 0, 1, 1, 0, 1, 1, 2, 0]]),
Matrix(GF(p),[ 
[2, 0, 2, 2, 1, 0, 0, 0, 2, 1],
[2, 2, 2, 0, 2, 2, 2, 2, 1, 1],
[2, 2, 1, 2, 2, 2, 0, 1, 0, 2],
[2, 2, 0, 1, 0, 0, 0, 1, 1, 2],
[1, 0, 0, 0, 1, 2, 0, 0, 2, 0],
[1, 1, 1, 2, 1, 0, 2, 0, 2, 1],
[2, 1, 0, 1, 2, 1, 1, 2, 2, 1],
[0, 2, 0, 1, 1, 1, 1, 2, 1, 2],
[0, 0, 1, 2, 2, 1, 0, 1, 0, 2],
[1, 0, 1, 0, 0, 2, 1, 1, 1, 1]]),
Matrix(GF(p),[ 
[1, 0, 1, 2, 1, 1, 2, 1, 1, 0],
[0, 2, 2, 0, 0, 0, 0, 2, 2, 1],
[1, 1, 0, 2, 0, 1, 0, 1, 0, 1],
[2, 2, 0, 1, 1, 2, 0, 2, 2, 0],
[1, 0, 2, 1, 1, 2, 1, 1, 1, 0],
[2, 0, 1, 0, 2, 1, 2, 0, 0, 2],
[0, 2, 2, 2, 2, 2, 2, 2, 1, 1],
[1, 0, 0, 1, 2, 1, 0, 2, 2, 1],
[1, 2, 1, 2, 1, 0, 2, 0, 0, 2],
[1, 2, 2, 0, 2, 1, 1, 2, 0, 2]]),
Matrix(GF(p),[
[1, 2, 0, 0, 1, 1, 2, 2, 1, 0],
[1, 1, 0, 1, 1, 2, 0, 0, 0, 2],
[0, 0, 2, 1, 1, 2, 1, 2, 0, 1],
[0, 2, 0, 0, 0, 1, 2, 0, 0, 0],
[1, 1, 0, 1, 2, 0, 1, 1, 2, 0],
[0, 2, 0, 1, 1, 0, 2, 2, 0, 2],
[2, 1, 0, 2, 1, 0, 0, 1, 0, 2],
[2, 2, 1, 1, 1, 0, 1, 2, 2, 2],
[0, 0, 0, 2, 1, 2, 0, 2, 2, 0],
[0, 2, 0, 2, 2, 0, 1, 1, 2, 0]]),
Matrix(GF(p),[ 
[2, 1, 0, 0, 2, 2, 2, 2, 1, 1],
[1, 2, 0, 0, 0, 2, 1, 2, 0, 0],
[0, 0, 2, 1, 1, 0, 0, 2, 0, 2],
[2, 2, 0, 1, 1, 0, 1, 0, 0, 1],
[0, 2, 1, 2, 1, 2, 2, 2, 0, 2],
[0, 1, 2, 0, 0, 0, 2, 0, 2, 1],
[1, 2, 0, 0, 2, 1, 2, 2, 2, 0],
[1, 1, 2, 0, 1, 0, 0, 0, 2, 0],
[2, 2, 1, 2, 2, 0, 1, 2, 2, 0],
[2, 0, 2, 2, 1, 1, 2, 0, 1, 1]]),
Matrix(GF(p),[ 
[2, 2, 2, 2, 0, 1, 2, 0, 0, 2],
[2, 0, 1, 1, 1, 0, 2, 2, 1, 0],
[2, 2, 0, 0, 2, 1, 1, 2, 2, 2],
[1, 0, 2, 0, 1, 0, 0, 2, 0, 1],
[0, 1, 1, 1, 0, 1, 1, 2, 2, 2],
[1, 0, 1, 0, 1, 2, 0, 0, 0, 2],
[0, 2, 1, 0, 1, 2, 1, 2, 2, 0],
[1, 2, 0, 1, 0, 0, 0, 1, 1, 0],
[2, 2, 1, 1, 0, 2, 2, 2, 2, 0],
[1, 0, 0, 0, 0, 0, 2, 0, 2, 2]]),
Matrix(GF(p),[
[1, 1, 1, 1, 2, 0, 2, 0, 0, 1],
[1, 0, 1, 0, 0, 2, 0, 1, 1, 0],
[0, 1, 2, 0, 1, 2, 2, 2, 1, 2],
[0, 2, 2, 2, 0, 0, 1, 2, 0, 1],
[0, 0, 1, 0, 1, 2, 2, 2, 0, 1],
[1, 1, 0, 0, 1, 1, 1, 0, 2, 0],
[0, 0, 1, 1, 2, 1, 1, 1, 1, 0],
[0, 2, 1, 2, 1, 1, 0, 2, 0, 2],
[2, 2, 0, 0, 1, 0, 0, 2, 0, 2],
[2, 1, 1, 1, 1, 1, 2, 2, 2, 2]]),
Matrix(GF(p),[ 
[1, 2, 0, 2, 1, 0, 1, 1, 0, 0],
[0, 0, 1, 1, 1, 0, 1, 1, 2, 2],
[2, 0, 2, 1, 2, 1, 0, 0, 1, 0],
[1, 2, 2, 2, 0, 0, 0, 2, 2, 1],
[1, 0, 2, 1, 0, 1, 2, 0, 1, 0],
[1, 2, 2, 1, 0, 0, 0, 1, 0, 1],
[0, 2, 0, 2, 2, 0, 0, 2, 1, 2],
[0, 1, 0, 0, 1, 0, 0, 1, 2, 1],
[2, 0, 1, 1, 0, 2, 1, 2, 1, 0],
[2, 1, 0, 2, 0, 2, 0, 0, 2, 1]]),
Matrix(GF(p),[ 
[2, 2, 0, 0, 0, 1, 2, 0, 2, 2],
[0, 2, 2, 1, 0, 0, 1, 1, 2, 1],
[0, 2, 2, 1, 0, 2, 1, 0, 1, 0],
[1, 0, 2, 2, 0, 1, 1, 2, 1, 1],
[1, 1, 0, 1, 2, 1, 0, 2, 2, 0],
[1, 2, 1, 1, 2, 0, 2, 1, 1, 1],
[0, 0, 1, 1, 1, 2, 2, 2, 0, 0],
[0, 1, 0, 0, 1, 2, 2, 1, 2, 2],
[0, 0, 0, 2, 1, 2, 0, 2, 0, 0],
[2, 2, 1, 2, 0, 1, 2, 1, 2, 0]]),
Matrix(GF(p),[
[1, 2, 0, 1, 0, 0, 0, 2, 1, 2],
[0, 1, 2, 2, 0, 0, 0, 0, 0, 1],
[2, 0, 2, 1, 2, 2, 1, 0, 0, 1],
[0, 0, 1, 2, 1, 1, 1, 0, 2, 2],
[1, 1, 0, 2, 0, 0, 1, 0, 0, 0],
[0, 2, 2, 0, 2, 2, 1, 1, 0, 0],
[1, 0, 0, 2, 0, 1, 0, 2, 2, 0],
[0, 1, 1, 0, 0, 2, 2, 0, 0, 0],
[1, 2, 2, 0, 0, 0, 2, 1, 2, 1],
[2, 1, 2, 2, 2, 2, 2, 0, 1, 0]]),
Matrix(GF(p),[ 
[2, 1, 1, 0, 0, 1, 2, 1, 0, 2],
[2, 0, 1, 1, 0, 0, 0, 2, 0, 1],
[2, 1, 0, 1, 0, 2, 2, 1, 1, 1],
[0, 0, 0, 1, 1, 0, 1, 2, 2, 2],
[0, 0, 2, 1, 0, 1, 0, 1, 2, 0],
[0, 0, 1, 1, 0, 1, 0, 1, 1, 2],
[2, 1, 0, 2, 0, 0, 1, 2, 1, 1],
[1, 2, 1, 1, 2, 0, 2, 1, 0, 2],
[2, 0, 2, 2, 2, 0, 1, 1, 2, 2],
[2, 1, 2, 0, 1, 2, 0, 2, 2, 2]]),
Matrix(GF(p),[ 
[1, 2, 1, 2, 0, 0, 0, 1, 2, 0],
[0, 1, 0, 1, 2, 0, 1, 0, 0, 2],
[0, 0, 0, 1, 2, 2, 0, 0, 2, 0],
[0, 1, 1, 2, 0, 2, 2, 0, 2, 1],
[0, 1, 2, 2, 2, 0, 1, 2, 2, 2],
[2, 2, 1, 0, 1, 0, 1, 0, 0, 0],
[0, 2, 0, 0, 2, 0, 1, 2, 1, 1],
[2, 2, 0, 1, 1, 2, 0, 0, 0, 0],
[1, 1, 0, 1, 0, 0, 2, 2, 2, 1],
[2, 2, 0, 0, 1, 1, 2, 0, 1, 1]]),
Matrix(GF(p),[
[0, 2, 1, 0, 0, 1, 0, 1, 0, 0],
[1, 2, 0, 0, 0, 2, 2, 1, 2, 2],
[1, 0, 0, 0, 2, 0, 0, 2, 1, 0],
[1, 0, 2, 1, 2, 0, 1, 1, 0, 2],
[1, 0, 0, 2, 0, 1, 1, 2, 1, 1],
[0, 0, 2, 1, 0, 2, 0, 2, 1, 2],
[2, 2, 1, 2, 0, 2, 1, 1, 1, 0],
[1, 0, 0, 0, 0, 0, 2, 0, 2, 2],
[0, 1, 0, 2, 2, 1, 0, 0, 1, 0],
[2, 2, 2, 0, 1, 0, 0, 1, 1, 1]]),
Matrix(GF(p),[ 
[0, 2, 0, 2, 1, 2, 1, 0, 2, 2],
[0, 0, 1, 2, 1, 0, 0, 2, 2, 2],
[0, 1, 2, 1, 2, 1, 1, 0, 2, 1],
[0, 1, 1, 2, 2, 1, 1, 0, 0, 0],
[0, 0, 0, 0, 2, 2, 1, 1, 2, 2],
[0, 2, 0, 2, 2, 2, 2, 2, 0, 2],
[2, 1, 1, 1, 1, 2, 2, 0, 1, 0],
[1, 1, 2, 1, 2, 0, 1, 0, 1, 1],
[1, 2, 0, 0, 1, 2, 1, 2, 2, 2],
[1, 2, 2, 1, 0, 2, 0, 1, 1, 2]]),
Matrix(GF(p),[ 
[0, 1, 0, 0, 2, 0, 0, 2, 1, 0],
[2, 0, 2, 2, 1, 2, 1, 0, 1, 1],
[0, 0, 0, 0, 1, 2, 2, 2, 2, 1],
[0, 2, 1, 2, 2, 1, 0, 2, 0, 2],
[0, 2, 1, 2, 2, 1, 2, 2, 0, 2],
[2, 1, 2, 2, 2, 0, 1, 2, 2, 2],
[1, 2, 2, 0, 0, 0, 2, 0, 0, 0],
[0, 2, 2, 1, 2, 0, 0, 1, 2, 2],
[2, 1, 1, 1, 0, 2, 2, 0, 1, 2],
[1, 2, 1, 1, 0, 2, 1, 1, 2, 1]]),
Matrix(GF(p),[
[2, 1, 2, 1, 0, 0, 2, 1, 2, 2],
[1, 2, 1, 1, 1, 2, 2, 0, 1, 1],
[1, 0, 1, 0, 1, 2, 1, 2, 2, 1],
[2, 0, 2, 0, 1, 1, 2, 2, 0, 1],
[2, 0, 2, 2, 1, 2, 0, 2, 1, 2],
[0, 1, 2, 2, 1, 1, 1, 2, 1, 1],
[1, 0, 2, 1, 0, 1, 0, 1, 1, 0],
[1, 1, 0, 2, 1, 0, 2, 1, 0, 1],
[2, 2, 0, 0, 0, 2, 2, 1, 2, 1],
[2, 1, 2, 2, 2, 1, 0, 2, 1, 0]]),
Matrix(GF(p),[ 
[2, 2, 0, 2, 2, 2, 0, 0, 0, 2],
[1, 2, 1, 0, 1, 0, 1, 1, 2, 1],
[2, 2, 2, 1, 0, 2, 2, 0, 0, 2],
[2, 2, 0, 0, 2, 1, 0, 2, 0, 2],
[2, 0, 1, 1, 0, 0, 2, 0, 0, 0],
[0, 1, 1, 0, 1, 2, 2, 0, 0, 1],
[2, 1, 0, 1, 1, 2, 1, 2, 1, 1],
[1, 1, 2, 2, 1, 2, 2, 2, 1, 0],
[2, 1, 0, 2, 0, 2, 2, 2, 2, 1],
[1, 0, 1, 0, 0, 0, 0, 0, 2, 2]]),
Matrix(GF(p),[ 
[2, 0, 0, 2, 1, 2, 0, 2, 1, 1],
[1, 1, 0, 2, 1, 2, 0, 1, 0, 2],
[2, 0, 2, 2, 1, 2, 1, 0, 0, 2],
[1, 2, 0, 2, 0, 1, 1, 0, 2, 2],
[0, 0, 0, 1, 1, 0, 1, 2, 0, 2],
[1, 0, 1, 2, 1, 2, 0, 0, 2, 0],
[0, 1, 1, 2, 0, 1, 0, 1, 1, 2],
[2, 2, 1, 0, 2, 1, 1, 0, 0, 0],
[0, 2, 0, 2, 0, 1, 2, 1, 1, 1],
[0, 0, 2, 0, 1, 2, 2, 0, 1, 0]]),
Matrix(GF(p),[
[2, 2, 1, 0, 0, 1, 0, 0, 2, 0],
[1, 0, 2, 1, 1, 0, 0, 1, 2, 1],
[2, 0, 1, 1, 2, 1, 1, 2, 2, 0],
[1, 1, 0, 1, 0, 2, 2, 0, 2, 2],
[2, 2, 2, 1, 0, 1, 0, 0, 1, 1],
[1, 1, 2, 0, 0, 2, 1, 2, 0, 0],
[1, 0, 0, 2, 2, 1, 0, 2, 2, 1],
[0, 2, 2, 1, 0, 0, 2, 2, 2, 2],
[2, 2, 2, 0, 1, 0, 0, 2, 2, 2],
[0, 1, 0, 2, 2, 1, 2, 1, 0, 0]]),
Matrix(GF(p),[ 
[2, 1, 1, 1, 0, 0, 1, 0, 1, 1],
[0, 1, 1, 0, 0, 2, 1, 0, 0, 0],
[0, 1, 0, 1, 1, 1, 2, 2, 0, 1],
[2, 1, 0, 1, 0, 1, 0, 0, 2, 1],
[1, 0, 2, 2, 2, 2, 2, 0, 0, 2],
[0, 2, 0, 1, 0, 1, 1, 2, 1, 2],
[1, 2, 0, 2, 2, 0, 2, 0, 1, 2],
[2, 1, 1, 1, 1, 2, 2, 0, 2, 2],
[0, 1, 1, 0, 1, 0, 0, 2, 2, 0],
[2, 2, 2, 0, 2, 2, 0, 1, 0, 2]]),
Matrix(GF(p),[ 
[2, 2, 1, 1, 0, 2, 2, 1, 1, 2],
[0, 0, 1, 2, 1, 0, 2, 1, 2, 2],
[2, 1, 0, 1, 2, 1, 0, 2, 1, 1],
[0, 1, 0, 0, 2, 2, 1, 0, 0, 1],
[2, 1, 2, 2, 2, 1, 2, 2, 1, 0],
[0, 0, 1, 0, 1, 1, 0, 1, 0, 2],
[0, 0, 1, 0, 0, 1, 1, 2, 1, 0],
[2, 0, 2, 2, 2, 0, 0, 1, 2, 0],
[1, 2, 1, 0, 1, 0, 2, 0, 0, 1],
[1, 2, 0, 2, 2, 2, 1, 2, 2, 0]]),
Matrix(GF(p),[
[2, 0, 2, 1, 0, 2, 0, 1, 0, 2],
[2, 0, 1, 0, 2, 0, 2, 2, 1, 0],
[1, 1, 0, 2, 1, 1, 2, 2, 0, 1],
[1, 0, 0, 0, 1, 2, 2, 0, 1, 2],
[2, 0, 1, 1, 0, 0, 2, 0, 1, 2],
[0, 0, 0, 1, 0, 2, 2, 0, 0, 0],
[1, 2, 1, 1, 1, 1, 2, 1, 0, 1],
[2, 2, 2, 2, 2, 1, 1, 0, 2, 1],
[2, 1, 0, 2, 0, 2, 0, 2, 1, 1],
[2, 2, 0, 0, 2, 1, 0, 1, 0, 1]]),
Matrix(GF(p),[ 
[2, 2, 1, 0, 1, 2, 0, 2, 1, 1],
[2, 2, 1, 1, 2, 1, 0, 0, 0, 0],
[2, 1, 0, 2, 0, 0, 1, 2, 1, 2],
[0, 1, 0, 1, 2, 1, 0, 0, 1, 2],
[0, 2, 2, 2, 0, 1, 2, 1, 0, 1],
[0, 0, 2, 0, 2, 1, 1, 2, 2, 1],
[2, 0, 0, 0, 2, 1, 2, 1, 1, 1],
[1, 0, 2, 2, 1, 2, 2, 0, 0, 0],
[1, 1, 2, 0, 1, 2, 0, 2, 0, 2],
[0, 2, 0, 0, 1, 0, 2, 2, 0, 1]
])]
C=Matrix(GF(p),[[ 6216098442529700285181462757561665160589124310034914403531959092488134540712018253900519172330948111918658483178604323822144802, 7185390800642510825088343971957880695885279464143208560106185833521561563254577785645427700422249754374378115024193307475835183, 5850873533501723382521962279030532966955679691364837614387237409032696405649319708881629837324344629878728139299078318175437914, 5343224196691031078146227545794545967189242462517605069600052564341554227856797774467023929622242629352348963714958958734646877, 6143961554021685241484186183542807663423040533043342694463989524381487526109604269404492511550799693079219744707323767802468554, 4949700412739464336015743110481968347618164464603492806920248104506712251516000009188572131486809346473588007852767246511465552, 7033271826039948839860729157708980215351112772766329733661370916749023753430721110729143327363063904298382135825347081328285039, 5180982257164092050537141779310613344779547381342307175007741696152922137984514881329909421559034919093339319550784927584336517, 6428183366578035742229013440335855216751415216749748921806520911214297843206854926566244122981895306925158729580101225158760307, 3634893842907877282283591432190772107238372389399685787798609579743283114536499871804703477720679772675382439733501657145582617],
[ 7017990571265688802963581041069803268566788249448999886541465826570587997388689645333233404130489442460880748596138623024126879, 8112324049560355921780800003623170181043289175941354073785757786619853428726222818539155737001514260004388212474969842218309330, 6605650742408889896749417964192270305171141460089392412907457829809226625840301564288620218671108629875213851319374346362711619, 6032513381058342687227262026815646636682119511860155996216132038064979058458856270987311396816405909863352554439001668128275830, 6936547845081373724694576961458432177543653227654927008776462116745652437718890278290948261205536586965167666347733716098765359, 5588224052169115421699826145983390456554188615216736362532696866721668151184874108780040972177144544132692026813710296899830428, 7940581349643118569265164098711558570706355275921280278079449162270902340357945642435514685805135800756189934750457949853413252, 5849341828614178525229090489674630581870833828351643399364191898126814105116415812117096491960920405513362929330282564464852203, 7257434976955167458331196233118896618319876651476982024908901261718025715931378631293187873927932152905470402517483652918509149, 4103804171205788369156694962418599572051749174341230283323053932724969000693722996668610418375280992568470225235160655748268245],
[ 6780936899996752385131513870818020589691552166948278888679481457582267339934306372507913132759963113716841781143066077559117168, 7838305984283196952831747281381775904974948295090884775514792789813589348294088636024698041224063671640069076126287103267840226, 6382525085041984210669355102447000812886263062751430847563740879249023112444498516490766456513650250555963083923261460220256520, 5828747156319605269782272589100757901914322038101068400128426750959045445472763244025601060744668399837128475736067861079516410, 6702245146052153603916715547786235830616941885081142442445666889704151495408837595329056723103217284121797474113992091740367332, 5399465031479643178190530343411083056126138445390774460619581617738503815884397731123048551466953403030387859583061657397537004, 7672364408935107882697592852196181373457603695760680142635562216239682972438061696421719175978792050148376384906097511107796770, 5651762772202042123524472383539572417131410271285856403057851782106455152666410921447333735343919936034860156187205009967393166, 7012293353036949739033943609562717860038228691651158685948866122204228496008062682985049391655156557014124899199881346815839186, 3965185882241963300007507689510594771770102350750656259646075498583277951785867804670716133600155557482704032836848232018891878],
[ 5947655217861094249886889594204491628819532640318122582523183743212851515480757316772246240025195671449825931347300698335130961, 6875088527462351731011159693781984587340046342008029171821174061664374841149037005085941532371686404363926993634864530471937870, 5598202606073131651044855091664727592994745142616666917403691776077069658220935166039082339296049862118784276224308930226727847, 5112476188636104078219278700372982232243623530872196519500631378599978570510199180722709724057387447876761040582016702133868164, 5878633572643977063230795021089986788126144852206776000365339695423127358624132288158198166904346687660851589726859408137351285, 4735946793451771804624608090672874682769272004657234067555718737428496737064996596943077054113981658173497250780891594619471982, 6729538835578384402741675287333293946417499442759217449192913832891307166509862080074478361161595417917934680674438476391244206, 4957240693718394289657176441237204951007566932472711310138799745487301893628791745686640667163776289283872827982313634481465816, 6150581219887602421572708616788895079334421204795287288521626630626825504521558848268350160726479355299073919278268152546764566, 3477920359694964037552830371061308001770204377001415661556678891943285337654620203010061301427418789926700374432979763609390584],
[ 7369972597832528947882605065326905768947700578137483245238927728470221097081961451252760055045452149915114009874003391740682151, 8519191546764217481117668106785940606771652284902818829133050910596365585653514865298666437865656024434329069122184904506194170, 6936952175703136784837497953755193343405270727690905590375666225389766933260548350498933693044706231598184347515236158559198335, 6335069542055514602372173877052315805017548225291696541065684144829281433757666869751251224565761835410982940537758825431592095, 7284445173112303252084229415347621200777860488719443202138787869460421111851448476538242859315614484397602856165896526403705110, 5868497216804802024806605381036921786482403352048088603436556114601080715526739254243329245163617068310403368384261799089382195, 8338835221201423337402368361254121978684945265070720809073909867122960123470598162999955910544961717145750643585166846741644420, 6142711158482983239724527884713672273153722363639190713334991355913678744286540320346779124494527727579768184603357697198143267, 7621426157183420327875583134407601700247306006291052090891971477154120502744991253492492511576120698196365258340574959299002887, 4309627375746508787772378716004026779650641477213858834081217723587488354362507296193437000991060149153652945358677723709602805],
[ 9135769916149042437470711313577996686723865331129483921116214606073104165231195092068442768721335921169451365351984482936161696, 10560334222372683585060161661899036533947296761566198602226648484002461741178165369624908621845100919207873754116294082846597318, 8599000627925190438944519350778364988499157290020066313027630594116446935853080080240744809149769218864893301239307545891011670, 7852910844749113211519576908213141080947041263767850427662057415481251833667321149216863781945842315146913133056878493507034658, 9029750678846242495978765112143700205275985339502904541203293540697919062433266209891231916397082407911280842583587000912549162, 7274550836465399269902560909961895653471728650181731575297904655635306547014745329028713578650780670129948090987375025122233244, 10336765698692102254720800804159467710222239262172564901789200754246516014380949780289777745136918032636124159063538770261555220, 7614464648317146094375584641205103208544532869005345388543208583819973111596169587684917289146758757421722431525556280459877807, 9447470106662922007171991797907377863598090421815679400542210919314269728633941899366590429132990013452059549235991673328822887, 5342185958837395652575472950896230572161125185204621743112524225996447363581132282204614079801852188477341825109661129101957069],
[ 4444807329513934847532520702652962897398000715555369027033539753574312723255457370913981165989051652248234879985662424065070886, 5137897668673421386844698567283308180008801569678590939348102554903232869855607025506360424431659379828376290096837342602382642, 4183654072760173988038477239495822675696733609798687397413482971716906205831180573835585558557531609502870199623100040560252112, 3820660546524963900578743064264373523590087071170208693062584583758169435300140622375117109975382984427094746259088281010417646, 4393226008250581508624521404693906784129599774636564185429928909131001406274661015366720166834899140248833643914048617172255644, 3539272242363205170600350038619326102757982515841360638849192395907216026127329864455328556560240244177108956652039983500055140, 5029125335107151446484291906738425441005236662653582182462510153862252359931462291352036455731406409384257021683505593672021696, 3704649809463595423492833194439584153401710560339256160499384181120399657665262796704059627698673616740671130016561733075491927, 4596458181508134672222315415128306956217082449355987712236543107136055385375438893679623052141820429424362390228981884567279659, 2599122736606308426007466008953324216343435093216669557484358290603122220127497819778147112516489065455343745835054312593544405],
[ 6136015323976749369272201670008403593918150178599770493598376399058998326764461579749156805582196314891643962016891744638251742, 7092820113634059748937374941234694101006630032893978435432155592398448114626376832960902119551149080726981099090640395787806482, 5775495673393211659555743027430961666855378529430267316775716033261698818198083104583332471614885287245635511989897810058361506, 5274386474644842736291364948338221054868406119281460565750779940655916889788863643390476123778978716447432472671304330484014306, 6064807788027713006714996107032351763047848731233283997347340292202806669996742140151072083323457578470904072691950048251020726, 4885932528652723430442338465800368411200373377507937355829748921600990990657124693421494424297500705884758438785563032761709460, 6942660915246414439715488737430607375576162917732775206542267352099638144711678364618420800262063896415212766164681520050610666, 5114234727317644514521797253041295753319162386705198023873150641980141352765088829782058522362268908585643548111491431562201974, 6345367919656593855758414992792914869014301139955940920194829727718424910880783053205532169885184111287135849561772830441194734, 3588064849248870884601522018331704713644136475998023218955030804047912054132493861294785268827578929421170768903283566583528822],
[ 8809597391332588198569224883546797292153007800625352862926523001716950281150360266825736244943776826417810529050673175497925328, 10183300769491150756312464759998719006306397672333196630576993616031593696962353240729048805060327550535135787622610896082564060, 8291992267223073399416141612683431565757375314589249781390874007555099619951315970308691213148820031205655555449191690096204616, 7572539974981190129770200926478185553933109346501103051587358652896840010372292723881183002006428201931913510644363585919576034, 8707363337175550496735913334234364089978018618781833896958701526550026459197874740633909791772991988360836589721471590696893474, 7014829035783739150165529685830670243537048431545298868854642404775011574565443375651861072530329032333424098148368217368463554, 9967714267086026511514835258097018368564741365723756696353178353957336509539525090163523012278852030131563740008450972327693980, 7342606974332056264231550076527103079831446898404965209762566953334129381044360056451294640352690783867108762292318149198505708, 9110169013695253038272685830485104248032414824183222258020352188393872051631180655139041970918390956440996163253377672562696688, 5151454986163392419982298981135788294457382939247864343644265712531451047296261864442987958550364715291089715207029091178011292],
[ 7621256307449529580915944168599710267959848085206233338374492513412781127730319059920353120736481940607761048365808228334459042, 8809658577189579574657222588183659093826659003393990695274087585730671339896531884761875395438599832138096627971667036758508341, 7173471789990312994310049056989566350371244237345178420819011835843604457473169221064793677863753361586917313381377941722335086, 6551067600946202018347822348696140559659441200254028106988998012165847100842467617430831960342122806858052052660202842409632837, 7532812773032504244545767191455561110289571875364167879436939038477390588909207138621682082253113501908963595471090142388496104, 6068587207770228889862122567574082649243057098516819315484269016803329267198211912610412951862497609696160496614016797696821490, 8623152892733152780357699508220746325384992315990253513744780184594349155263977816681392221202330605315404123443873741614425385, 6352150640993854654728232670149782601584506064134921818067425055582078792946904866371646954954482345397068078032802265663112965, 7881283329232109425443492008717381162794791752656123578286475090395810238387037105750236316809017813214359674505521949489733355, 4456566748948934130411844221986140610640529660455992115580059571564190000277687300803758320820000296802586648762024701084897157]])
